idDevedores,Valor,QtdTitulos
11722,1348,60,2
11739,1699,20,2
11753,179,80,2
11759,4014,20,9
11765,1828,00,3
11768,239,60,1
11769,3986,40,3
11775,789,30,2
11787,1818,20,3
11797,999,00,1
11802,1118,90,2
11822,479,40,12
11845,579,40,1
12092,509,50,1
12093,898,50,3
12094,79,90,1
12095,299,50,5
12097,2935,10,9
12098,3833,60,9
12099,1916,80,9
12100,8749,10,14
12101,1228,70,2
12102,1139,00,2
12103,299,50,5
12105,209,80,1
12106,49,90,1
12107,1847,90,3
12108,1148,40,10
12109,1797,00,15
12110,3886,00,3
12113,209,80,1
12114,7247,90,9
12115,3946,90,5
12116,47913,70,23
12117,4984,10,1
12118,51987,00,6
12119,2695,50,9
12120,2457,40,4
12121,7069,20,10
12122,8031,00,2
12123,988,90,1
12125,419,30,4
12126,939,20,2
12127,719,20,3
12128,1198,40,2
12129,7250,40,6
12130,1119,60,4
12131,1498,50,7
12132,3708,60,4
12133,6209,80,7
12134,2978,00,5
12135,8345,50,9
12136,59,90,1
12137,89,90,1
12138,108,50,4
12139,59,90,1
12140,539,10,9
12141,59,90,1
12142,18133,80,18
12143,8398,80,12
12144,4017,30,1
12145,1078,20,9
12146,2267,40,1
12147,8872,60,2
12148,369,60,4
12149,629,30,1
12150,22737,60,16
12151,89,90,1
12152,419,30,2
12153,1078,20,9
12156,419,60,2
12157,41534,70,13
12158,778,70,9
12159,179,70,3
12160,30763,80,17
12161,5893,10,18
12162,299,70,1
12163,329,60,3
12164,2767,70,5
12165,539,10,9
12166,4372,70,9
12167,89,90,1
12168,16063,30,16
12169,2156,40,9
12170,829,30,2
12171,719,20,8
12172,59,90,1
12173,179,70,3
12174,20862,60,9
12175,1808,20,4
12176,479,20,2
12177,599,70,3
12178,59,90,1
12179,1358,30,2
12180,13597,30,9
12181,209,80,1
12182,558,60,5
12184,1428,40,1
12185,33027,60,23
12187,46684,40,29
12188,2726,20,3
12189,958,40,9
12190,4076,60,17
12191,539,10,3
12192,299,50,5
12193,5873,70,13
12195,4984,40,19
12196,599,00,1
12197,89,90,1
12198,14975,00,9
12199,99,80,1
12200,1617,30,9
12201,50503,60,2
12202,638,40,8
12203,1028,80,2
12204,539,10,9
12205,849,30,1
12206,67796,70,30
12207,2337,20,6
12208,539,10,9
12209,189,90,1
12210,1317,80,3
12211,1317,80,3
12212,31527,70,7
12213,499,70,1
12214,359,40,3
12215,5598,60,14
12216,2633,40,6
12217,27774,40,9
12218,5513,60,12
12219,2467,00,3
12220,548,90,1
12221,2318,60,2
12222,2336,20,11
12223,958,40,4
12224,5344,50,9
12225,189,70,1
12227,7317,56,2
12228,1005,00,1
12229,840,00,2
12230,700,00,1
12231,2200,00,1
12232,500,00,1
12233,20000,00,8
12234,5890,00,19
12235,250,00,1
12236,10600,00,4
12237,600,00,2
12238,8044,00,12
12239,7242,48,22
12240,1080,00,2
12241,3600,00,10
12242,13759,78,11
12243,936,00,2
12244,500,00,2
12245,2719,70,8
12246,3774,16,15
12247,6524,15,13
12248,690,00,1
12249,250,00,1
12250,250,00,1
12251,3774,16,15
12252,3512,08,14
12253,1415,20,3
12254,3774,16,15
12255,2628,72,10
12257,3840,00,6
12258,3524,16,14
12259,512,08,2
12260,3600,00,5
12263,262,08,1
12264,4134,97,10
12265,786,24,3
12266,39878,00,15
12267,3774,16,15
12268,6754,22,7
12269,4892,56,15
12272,6604,78,7
12273,825,54,1
12275,345,00,1
12276,310,00,1
12277,1512,08,6
12278,3774,16,15
12279,8186,28,15
12280,3665,12,14
12281,3512,08,14
12282,3774,16,15
12283,618,00,3
12284,2646,00,3
12285,1080,00,4
12287,3920,00,2
12288,649,94,2
12289,1725,00,5
12290,361,66,1
12291,3774,16,15
12292,2846,64,11
12293,1250,00,5
12294,4679,94,15
12295,3593,04,5
12296,1050,00,2
12297,4830,00,14
12298,600,00,2
12299,2996,08,11
12301,2496,00,6
12303,10533,81,15
12304,3512,08,14
12305,1890,00,2
12306,4846,66,14
12307,512,08,2
12308,553,04,2
12309,2688,00,7
12310,3774,16,15
12311,3774,16,15
12312,3262,08,13
12314,3024,16,12
12315,1808,30,3
12317,1358,00,1
12318,360,00,1
12319,1786,75,2
12320,9000,00,6
12321,1440,00,1
12322,3900,00,13
12323,16500,00,11
12324,918,00,3
12325,687,50,1
12326,360,00,1
12327,4500,00,15
12328,3600,00,10
12329,3300,00,11
12330,2880,00,8
12331,3300,00,11
12332,1680,00,3
12333,3600,00,10
12334,4680,00,2
12335,4320,00,12
12336,2520,00,7
12337,10000,00,4
12339,5250,00,21
12341,4320,00,12
12342,756,00,9
12343,2700,00,9
12344,5536,66,16
12346,300,00,1
12347,1240,00,1
12348,7210,00,7
12349,6000,00,12
12350,270,00,1
12352,7500,00,3
12353,7500,00,3
12354,15425,00,9
12355,360,00,1
12356,336,00,9
12357,5076,04,9
12359,12500,00,5
12360,2880,00,8
12361,3960,00,11
12362,2880,00,8
12363,1440,00,4
12364,360,00,1
12365,1440,00,4
12366,720,00,2
12367,352,00,1
12368,262,08,1
12369,4320,00,12
12370,333,34,1
12372,3240,00,9
12373,2000,00,4
12374,900,00,3
12375,2160,00,6
12376,8960,00,14
12377,3060,00,2
12379,720,00,1
12380,704,00,1
12381,1795,20,3
12382,1408,00,2
12383,1920,00,5
12384,12060,00,12
12386,1440,00,1
12388,2880,00,6
12389,1800,00,5
12390,500,00,1
12391,10050,00,10
12392,643,70,15
12393,720,00,1
12394,2520,00,4
12396,3960,00,11
12397,4320,00,12
12398,306,00,1
12399,360,00,1
12400,306,00,1
12401,1664,00,4
12402,3600,00,10
12403,3600,00,10
12404,3240,00,9
12405,6694,50,1
12406,306,00,1
12408,1080,00,1
12409,2880,00,8
12410,12798,58,15
12411,2160,00,6
12412,20000,00,8
12414,360,00,1
12415,1440,00,4
12416,3960,00,11
12417,4320,00,12
12418,3960,00,11
12419,704,00,1
12420,704,00,1
12421,360,00,1
12422,4541,82,1
12423,6524,15,13
12424,2000,00,8
12425,3600,00,10
12426,721,06,2
12427,2880,00,8
12429,3960,00,11
12430,900,00,1
12432,3672,00,12
12433,4320,00,12
12435,500,00,1
12436,5553,32,16
12437,3960,00,11
12438,318,00,1
12439,500,00,1
12440,9833,81,14
12442,2873,75,11
12443,2160,00,6
12444,2936,14,1
12445,361,66,1
12447,3000,00,4
12448,1500,00,1
12449,15000,00,6
12450,1168,00,2
12452,2700,00,9
12453,2520,00,7
12454,7894,50,26
12455,900,00,3
12456,6318,71,18
12457,1800,00,6
12458,7744,00,11
12459,10240,00,10
12461,7020,00,3
12462,6066,00,5
12463,720,00,1
12464,3960,00,11
12466,4500,00,15
12467,5385,60,9
12468,1207,18,1
12474,2700,00,2
12475,3900,00,13
12476,2754,00,9
12477,250,00,1
12478,15000,00,6
12479,4320,00,12
12480,113,10,4
12481,4578,00,20
12482,3366,00,11
12483,4092,00,5
12484,196,00,7
12486,250,00,1
12487,2160,00,6
12488,1572,48,6
12489,6024,15,12
12491,15435,00,22
12492,7270,56,11
12494,10000,00,4
12495,2880,00,8
12496,1960,00,1
12497,3520,00,2
12498,6480,00,9
12499,2880,00,8
12501,2880,00,8
12502,1836,00,2
12503,2754,00,1
12504,1750,00,7
12505,3512,08,14
12506,306,00,1
12508,540,00,2
12509,900,00,3
12510,2880,00,8
12511,2142,00,7
12512,1712,00,3
12513,1440,00,2
12514,2160,00,6
12515,1380,00,4
12516,3206,00,22
12517,720,00,2
12518,20000,00,1
12519,1750,00,7
12520,4828,75,19
12521,306,00,1
12522,600,00,2
12523,30000,00,12
12524,1275,00,1
12525,7831,20,16
12526,5280,00,6
12527,524,16,2
12528,2456,08,9
12529,2160,00,1
12530,3780,00,9
12532,6582,40,11
12534,1900,00,5
12535,1440,00,4
12536,1080,00,3
12537,1572,45,1
12538,3600,00,10
12539,10050,00,10
12540,2520,00,7
12541,2250,00,4
12542,647,90,2
12544,420,00,15
12545,1792,00,9
12546,1800,00,5
12547,4446,65,5
12549,900,00,3
12550,840,00,15
12551,3000,00,10
12552,2012,08,8
12554,690,00,2
12555,2010,00,2
12556,1500,00,1
12557,896,00,9
12558,1924,72,11
12559,360,00,1
12560,2400,00,8
12561,1530,00,3
12562,1440,00,4
12563,3960,00,11
12564,360,00,1
12565,5000,00,2
12566,360,00,1
12567,261,25,1
12568,1500,00,3
12569,3774,16,15
12570,30548,05,15
12571,1080,00,3
12572,6048,30,12
12573,4300,00,14
12574,5632,00,8
12575,1800,00,5
12576,4660,00,2
12578,720,00,2
12579,15000,00,6
12580,313,50,1
12581,1756,60,2
12583,15504,00,12
12584,3060,00,10
12585,1800,00,5
12586,720,00,2
12587,2880,00,8
12588,3600,00,10
12589,8550,00,10
12592,4500,00,15
12593,6524,15,13
12594,3240,00,9
12595,360,00,1
12596,3600,00,10
12597,3774,16,15
12598,3960,00,11
12599,630,00,1
12600,11247,50,2
12601,945,00,1
12602,3524,16,14
12603,2160,00,4
12605,6663,71,19
12607,2160,00,1
12608,300,00,1
12610,3225,00,3
12611,8377,70,7
12612,2520,00,1
12613,3600,00,10
12615,2880,00,8
12616,1260,00,15
12617,4828,75,19
12618,306,00,1
12619,7594,50,25
12620,252,00,9
12622,9000,00,6
12623,612,00,2
12626,401,28,1
12627,3994,50,13
12628,720,00,2
12629,2329,92,4
12631,3333,34,3
12633,1550,62,3
12634,2500,00,1
12635,3600,00,10
12637,5000,00,2
12638,690,00,2
12639,2880,00,8
12640,3960,00,11
12641,12500,00,5
12642,3381,00,2
12643,15000,00,6
12644,1080,00,3
12645,4320,00,12
12646,2880,00,8
12647,20000,00,8
12648,1005,00,1
12649,2160,00,3
12650,2880,00,8
12651,11700,00,5
12652,2500,00,1
12653,3600,00,10
12654,1250,00,1
12655,6030,00,6
12658,360,00,1
12659,1080,00,1
12660,1000,00,4
12661,1836,00,6
12662,3694,50,12
12663,3240,00,9
12664,612,00,2
12665,720,00,2
12668,5078,75,20
12669,2520,00,3
12670,1080,00,3
12671,1440,00,4
12673,22500,00,9
12674,17500,00,7
12675,12500,00,5
12676,2370,00,3
12677,2160,00,6
12678,1012,08,4
12679,600,00,1
12680,5416,04,6
12682,4680,00,3
12683,3600,00,10
12685,12500,00,5
12686,1124,00,3
12688,1836,00,6
12690,360,00,1
12691,2500,00,1
12693,1260,00,2
12694,25000,00,10
12695,20000,00,8
12696,5973,71,17
12698,3274,16,13
12699,3960,00,11
12700,1500,00,3
12701,5000,00,2
12702,5400,00,2
12703,2142,00,7
12705,2700,00,9
12706,1260,00,9
12707,300,00,1
12708,4320,00,12
12709,2000,00,1
12710,7500,00,3
12711,345,00,1
12713,3600,00,10
12714,7500,00,2
12715,2520,00,7
12716,5740,00,1
12717,2500,00,1
12718,3366,00,3
12719,5750,00,18
12720,350,00,1
12721,306,00,1
12722,17500,00,7
12723,1080,00,3
12724,3240,00,9
12725,526,58,2
12726,1080,00,3
12727,1980,00,6
12729,350,00,1
12731,3600,00,10
12732,5040,00,12
12734,1005,00,1
12735,2520,00,4
12736,5328,75,21
12737,7688,25,9
12738,9920,00,8
12740,720,00,2
12741,5181,00,17
12742,1500,00,3
12743,1800,00,5
12744,5800,32,4
12745,553,04,2
12746,904,82,29
12747,4500,00,15
12748,1080,00,1
12751,983,18,2
12752,1440,00,4
12753,4320,00,12
12756,720,00,2
12757,6700,00,2
12758,2000,00,4
12759,3600,00,10
12760,3960,00,11
12761,1080,00,3
12762,6000,00,12
12763,7500,00,3
12765,1164,00,2
12766,2935,24,4
12768,1339,20,2
12769,3960,00,11
12770,360,00,1
12772,4938,71,14
12773,720,00,2
12774,4320,00,12
12775,2880,00,8
12776,2500,00,1
12777,10140,00,5
12778,8040,00,6
12779,640,00,1
12780,17500,00,7
12781,4000,00,16
12783,2700,00,9
12784,2520,00,7
12785,2520,00,1
12786,600,00,2
12787,8821,44,15
12788,2500,00,1
12789,17500,00,7
12790,1080,00,3
12791,360,00,1
12792,1080,00,3
12793,360,00,1
12794,360,00,1
12795,720,00,2
12796,1005,00,1
12797,720,00,1
12798,2880,00,8
12799,918,00,1
12800,2880,00,8
12801,2880,00,8
12802,17500,00,7
12803,2500,00,1
12804,2500,00,1
12805,7035,00,7
12806,2500,00,1
12807,1005,00,1
12808,1080,00,3
12809,2500,00,1
12810,2500,00,1
12811,2880,00,8
12812,2880,00,8
12813,720,00,2
12814,2880,00,8
12815,4188,80,7
12816,2500,00,1
12817,17500,00,7
12819,2880,00,3
12820,5443,46,6
12821,3060,00,10
12822,2060,40,8
12823,360,00,1
12825,4173,32,12
12826,918,00,1
12827,1000,00,2
12829,3000,00,10
12830,1440,00,2
12831,2500,00,1
12832,3960,00,11
12833,312,00,1
12834,243,28,8
12835,4320,00,12
12836,1440,00,1
12839,2880,00,8
12841,2520,00,7
12843,4320,00,12
12844,5000,00,2
12845,1213,50,4
12848,12500,00,5
12850,8542,50,10
12851,360,00,1
12852,1440,00,4
12853,2880,00,8
12854,360,00,1
12855,3960,00,11
12856,2160,00,6
12857,2080,00,7
12858,4320,00,12
12859,12344,00,8
12860,360,00,1
12862,3600,00,10
12863,1960,00,8
12864,5130,00,3
12865,5394,55,14
12866,2400,00,7
12867,2100,00,1
12868,2880,00,8
12870,3442,50,5
12871,5000,00,2
12872,300,00,1
12873,296,45,10
12874,2590,00,10
12875,598,40,1
12876,2500,00,1
12877,3960,00,11
12878,25000,00,10
12879,8670,48,12
12880,1080,00,2
12882,761,25,3
12883,262,08,1
12884,3960,00,11
12885,7688,25,9
12886,3960,00,11
12887,720,00,2
12888,252,00,9
12889,3960,00,11
12890,2500,00,1
12891,434,00,2
12892,7594,50,25
12893,5098,90,8
12894,7640,00,5
12895,6000,00,12
12896,2520,00,7
12897,306,00,1
12898,6666,66,18
12899,5000,00,2
12900,2880,00,8
12901,2160,00,6
12902,1600,00,1
12903,4020,00,1
12904,1250,00,5
12905,360,00,1
12906,3600,00,10
12908,1000,00,4
12909,619,81,3
12910,4338,46,8
12912,6264,96,16
12913,7008,71,20
12915,1800,00,6
12917,3000,00,10
12918,786,36,3
12919,2700,00,9
12920,1440,00,3
12921,4320,00,12
12922,4140,00,12
12923,3528,00,9
12924,1005,00,1
12925,854,40,1
12926,1512,00,9
12928,720,00,2
12929,1080,00,1
12930,2754,00,9
12932,17500,00,7
12933,15680,00,8
12935,3672,00,12
12936,1080,00,3
12937,1530,00,5
12938,7032,96,18
12939,360,00,1
12940,700,00,1
12943,613,50,2
12944,1440,00,3
12946,15225,00,1
12947,2142,00,7
12948,15120,00,7
12949,250,00,1
12950,1600,00,1
12952,3168,00,2
12953,3960,00,11
12954,900,00,3
12955,14040,00,6
12956,2208,83,4
12957,1872,00,6
12958,1836,00,6
12959,3774,16,15
12960,4863,32,14
12961,345,00,1
12962,840,00,15
12963,5000,00,2
12964,96,00,1
12965,5610,00,3
12967,306,00,1
12968,3000,00,2
12969,12960,00,6
12970,21292,00,9
12971,2520,00,4
12972,2096,64,8
12973,3240,00,9
12974,1440,00,4
12976,3528,00,9
12977,1500,00,3
12978,360,00,1
12979,1008,00,9
12980,5328,75,21
12981,3240,00,9
12982,504,00,2
12983,3240,00,9
12985,14530,00,10
12986,720,00,2
12987,5250,00,21
12988,5500,00,11
12989,3600,00,10
12990,630,00,1
12991,270,00,1
12992,3960,00,11
12993,1000,00,4
12994,7744,00,11
12995,4320,00,12
12997,3960,00,11
12998,306,00,1
12999,6960,00,8
13002,720,00,2
13003,3240,00,2
13004,720,00,2
13005,448,00,1
13006,8293,50,20
13008,250,00,1
13009,3240,00,9
13010,1408,00,2
13011,4140,00,12
13012,3960,00,11
13013,2286,24,9
13014,918,00,3
13015,14040,00,9
13016,2864,16,9
13018,313,50,1
13020,7238,28,23
13021,1080,00,3
13022,1952,90,5
13024,1080,00,3
13025,3121,50,10
13026,3960,00,11
13027,2160,00,6
13028,2500,00,1
13029,16858,40,13
13030,16858,40,13
13032,1800,00,5
13033,2160,00,1
13034,9833,81,14
13036,5048,30,10
13037,3240,00,4
13038,2160,00,6
13039,300,00,1
13040,7500,00,3
13041,1005,00,1
13042,854,25,1
13043,3600,00,10
13044,306,00,1
13046,6000,00,12
13047,345,00,1
13048,720,00,2
13049,2448,00,8
13050,6336,00,9
13051,3102,00,4
13052,2500,00,1
13053,1200,00,1
13054,360,00,1
13055,28993,02,12
13057,2893,28,8
13058,500,00,2
13059,2500,00,1
13060,360,00,1
13061,4320,00,12
13062,7744,00,11
13063,5000,00,2
13064,2160,00,6
13065,1530,00,5
13066,2160,00,6
13067,5000,00,2
13068,3300,00,11
13069,2340,00,1
13070,2100,00,7
13071,2560,00,8
13072,2160,00,1
13073,12500,00,5
13074,12160,00,5
13075,3240,00,9
13076,2500,00,1
13077,15000,00,10
13078,2500,00,1
13079,2520,00,7
13080,7250,00,23
13081,2500,00,1
13083,720,00,2
13085,620,00,2
13086,8910,00,9
13087,3138,32,9
13088,3590,40,6
13089,306,00,1
13090,3000,00,3
13091,360,00,1
13092,3165,80,9
13093,4320,00,12
13094,313,50,1
13095,2893,28,8
13096,720,00,2
13098,3564,04,2
13099,4320,00,12
13100,1836,00,6
13102,990,00,3
13103,3520,00,5
13104,990,00,1
13105,402,55,1
13106,1750,00,7
13107,832,00,2
13108,3600,00,10
13109,5000,00,2
13110,720,00,2
13111,500,00,1
13112,6524,15,13
13113,4320,00,12
13114,4012,08,16
13115,720,00,2
13116,1080,00,3
13117,21060,00,9
13118,2880,00,8
13119,401,28,1
13120,18550,00,7
13121,2160,00,6
13122,854,25,1
13124,4528,98,15
13125,4320,00,12
13126,3600,00,10
13127,60,48,1
13128,18360,00,13
13130,4680,00,8
13131,360,00,1
13132,3524,16,14
13133,2786,24,11
13134,5000,00,20
13135,2500,00,1
13136,14252,00,15
13137,17280,00,13
13138,715,00,1
13139,3240,00,9
13140,8040,00,8
13141,4928,00,7
13143,1800,00,6
13144,2792,00,2
13145,1400,00,2
13146,5000,00,2
13147,313,50,1
13148,3600,00,2
13150,2112,00,3
13151,360,00,1
13152,1620,00,1
13153,17500,00,7
13154,2733,36,8
13155,3960,00,4
13156,2520,00,7
13157,504,00,15
13158,840,00,15
13160,300,00,1
13161,16500,00,11
13162,990,00,1
13163,4346,08,16
13164,4894,50,16
13165,2754,00,9
13166,3774,16,15
13167,3524,16,14
13169,2880,00,8
13170,345,00,1
13171,1005,00,1
13172,2160,00,4
13173,2142,00,7
13174,3888,18,11
13175,2142,00,7
13176,3015,00,3
13177,310,00,1
13178,2359,65,2
13179,1248,00,4
13180,4200,00,14
13181,416,00,1
13182,918,00,3
13183,360,00,1
13184,5960,00,20
13185,512,00,1
13186,3994,50,13
13187,1440,00,2
13188,2500,00,5
13189,480,00,1
13190,5000,00,2
13191,10000,00,4
13192,1834,56,1
13193,2160,00,6
13194,360,00,1
13195,720,00,2
13196,1500,00,6
13197,25000,00,10
13198,3600,00,10
13199,7744,00,11
13200,3960,00,11
13201,300,00,1
13202,3928,28,11
13203,3600,00,10
13204,1620,00,2
13205,12500,00,5
13206,4320,00,12
13207,4166,60,15
13208,7274,16,7
13209,18025,00,8
13210,8040,00,8
13211,3240,00,9
13212,560,00,9
13213,7008,71,20
13214,560,00,9
13215,5025,00,5
13216,2520,00,7
13217,877,80,2
13218,3600,00,10
13219,6318,71,18
13220,4320,00,12
13221,5000,00,2
13222,3600,00,10
13223,291,00,1
13224,3600,00,12
13225,1567,50,1
13226,6336,00,9
13227,2380,00,9
13228,7594,50,25
13229,14544,00,9
13230,3960,00,11
13231,2500,00,1
13233,704,00,1
13234,6336,24,3
13235,2333,36,4
13237,3511,20,6
13238,6200,00,5
13239,22500,00,9
13240,1080,00,3
13241,7500,00,3
13243,500,00,1
13244,9133,81,13
13245,3400,00,10
13246,2880,00,8
13247,360,00,1
13248,6336,00,9
13249,3600,00,10
13250,5900,00,15
13251,18550,00,7
13252,2520,00,7
13254,1800,00,5
13255,300,00,1
13256,2160,00,6
13257,1500,00,3
13258,2880,00,8
13259,1080,00,3
13260,360,00,1
13262,7035,00,7
13263,6994,50,23
13264,3600,00,10
13265,700,00,1
13266,1567,50,3
13267,140,00,5
13269,9020,00,6
13270,500,00,2
13271,360,00,1
13272,1757,20,4
13273,4012,08,16
13274,854,25,1
13276,600,00,2
13277,1080,00,1
13278,900,00,3
13279,3806,08,14
13280,2142,00,7
13281,480,00,1
13284,3328,75,13
13285,2500,00,1
13286,2520,00,7
13287,6694,50,22
13288,5973,71,17
13289,4024,16,1
13290,300,00,1
13291,7500,00,3
13292,15680,00,8
13295,7500,00,3
13296,3240,00,9
13297,4235,00,7
13298,4320,00,12
13301,4000,00,8
13302,768,00,2
13303,22500,00,9
13304,261,25,1
13305,350,00,1
13306,14745,00,10
13308,300,00,1
13309,360,00,1
13310,8640,00,4
13311,3960,00,11
13312,262,08,1
13313,360,00,1
13315,360,00,1
13318,6000,00,12
13319,2264,32,8
13320,1250,00,5
13321,6662,18,18
13322,2880,00,8
13323,20000,00,8
13324,700,00,1
13325,2880,00,8
13326,778,00,4
13329,2880,00,8
13330,4320,00,12
13331,7500,00,3
13332,2754,00,9
13333,720,00,2
13334,1530,00,5
13335,4012,08,16
13336,1798,32,3
13337,10000,00,4
13338,854,25,1
13339,2880,00,5
13340,1500,00,5
13341,1512,00,4
13342,1293,06,1
13343,2600,00,10
13346,2500,00,1
13347,2520,00,1
13348,840,00,15
13349,2520,00,7
13350,300,00,1
13351,6240,00,3
13352,633,60,9
13353,500,00,1
13354,2500,00,1
13355,600,00,2
13356,2056,25,8
13357,720,00,2
13358,10000,00,4
13359,448,00,16
13360,27500,00,11
13361,9045,00,9
13364,720,00,1
13365,252,00,9
13366,2274,16,9
13367,3614,49,12
13368,1008,00,9
13369,2520,00,7
13370,3024,16,12
13373,3600,00,10
13374,9396,75,11
13376,3600,00,10
13377,306,00,1
13378,1292,00,1
13379,5485,05,20
13380,3366,00,4
13381,524,15,1
13382,840,00,15
13383,4320,00,12
13384,2793,32,8
13385,360,00,1
13386,5292,28,7
13387,1240,00,1
13388,2880,00,8
13389,345,00,1
13390,300,00,1
13391,360,00,1
13392,224,00,8
13393,598,40,1
13394,1240,00,1
13395,7353,71,21
13396,3240,00,9
13397,2500,00,1
13398,5881,66,17
13399,2584,00,2
13400,600,00,2
13401,1408,00,2
13402,4024,16,16
13403,1408,00,2
13404,6000,00,12
13405,3300,00,11
13406,2520,00,7
13408,2880,00,8
13409,4078,75,16
13410,7024,15,14
13411,500,00,1
13412,1620,00,2
13413,2520,00,7
13414,2100,00,7
13416,2880,00,8
13417,361,66,1
13418,4320,00,12
13419,2100,00,7
13421,4248,71,12
13423,12500,00,5
13425,720,00,2
13426,3240,00,9
13429,1708,80,2
13430,4933,81,7
13431,2448,00,8
13432,1710,00,1
13433,420,00,15
13435,4500,00,15
13436,720,00,2
13437,3036,24,12
13438,300,00,1
13440,3520,00,5
13441,3960,00,11
13443,5400,00,5
13444,1500,00,6
13445,3240,00,9
13446,6582,40,11
13447,19440,00,9
13448,3240,00,4
13449,5078,75,20
13450,25000,00,10
13452,2520,00,7
13454,2448,00,8
13456,8494,50,28
13458,720,00,2
13459,6318,71,18
13460,2880,00,8
13461,3600,00,10
13462,4248,71,12
13464,2070,00,3
13465,26800,00,11
13466,6094,50,20
13467,420,00,15
13468,3366,00,11
13469,33450,40,7
13471,21060,00,9
13472,360,00,1
13473,2160,00,3
13474,360,00,1
13475,2880,00,8
13477,3274,16,1
13478,700,00,1
13479,10000,00,4
13480,5000,00,2
13481,4156,66,12
13482,500,00,1
13483,250,00,1
13484,1530,00,2
13485,612,00,2
13486,2160,00,6
13487,720,00,1
13488,3240,00,9
13489,5000,00,2
13490,17500,00,7
13491,1883,70,1
13492,940,50,1
13493,1773,51,6
13494,19585,00,10
13495,3600,00,10
13496,420,00,15
13497,2523,71,7
13498,300,00,1
13499,3213,00,3
13500,2893,28,8
13501,940,50,3
13502,7744,00,11
13503,21691,62,8
13504,3600,00,10
13505,720,00,2
13506,3240,00,9
13507,3240,00,9
13508,540,00,1
13509,3240,00,9
13512,2880,00,8
13513,2000,00,8
13514,20142,71,21
13515,3000,00,6
13516,1440,00,2
13517,3600,00,10
13519,704,00,1
13521,2010,00,1
13523,6322,00,18
13524,1669,25,5
13525,2880,00,8
13526,2100,00,7
13527,29,10,1
13528,313,50,1
13529,8330,00,5
13530,3240,00,9
13531,2520,00,7
13532,7064,00,4
13534,4320,00,12
13535,6024,15,12
13537,1800,00,5
13538,345,00,1
13540,854,25,1
13541,7272,30,17
13544,2880,00,8
13545,2880,00,8
13546,2400,00,6
13547,3960,00,11
13548,6343,47,9
13549,3600,00,10
13551,4024,16,16
13552,4846,66,14
13553,4000,00,8
13554,3960,00,11
13555,2880,00,8
13556,500,00,1
13557,91143,14,3
13558,2500,00,1
13559,2160,00,3
13560,1750,00,7
13561,2448,00,8
13562,8400,00,12
13563,14618,00,13
13565,5632,00,8
13566,2200,00,1
13567,1005,00,1
13568,5000,00,2
13569,360,00,1
13570,1800,00,5
13571,1680,00,15
13572,2100,00,7
13573,2500,00,1
13574,762,08,1
13575,420,00,15
13576,2520,00,7
13577,3600,00,10
13579,4320,00,12
13580,1325,00,1
13581,7500,00,3
13582,7040,00,10
13583,2754,00,9
13584,1500,00,3
13585,1080,00,3
13586,3600,00,10
13587,5199,48,2
13588,7744,00,11
13589,4262,08,17
13590,4828,75,19
13591,4720,00,2
13592,6024,15,12
13593,6000,00,12
13594,300,00,1
13595,1440,00,4
13596,3960,00,1
13597,2714,00,1
13598,3960,00,11
13599,3254,94,9
13600,1836,00,6
13601,3960,00,11
13602,1980,00,2
13603,500,00,1
13604,2108,00,2
13605,1500,00,1
13606,1200,00,4
13607,4320,00,12
13608,2800,00,2
13609,3000,00,2
13610,12060,00,12
13611,9360,00,4
13613,627,00,2
13614,10500,00,1
13615,1047,20,1
13616,7040,00,10
13617,1008,00,30
13618,7500,00,3
13619,57,10,2
13620,1008,00,9
13621,990,00,1
13622,3960,00,11
13624,7560,00,12
13625,345,00,1
13626,2808,00,9
13627,3960,00,11
13628,4593,71,13
13629,750,00,3
13630,360,00,1
13631,3000,00,10
13632,2397,40,3
13633,500,00,1
13634,250,00,1
13635,4320,00,12
13636,3240,00,9
13637,3943,68,10
13638,4320,00,12
13639,6394,50,21
13640,1808,30,1
13641,1024,00,2
13643,33900,00,18
13644,612,00,2
13645,720,00,2
13646,5680,00,11
13647,4578,75,18
13648,2268,00,9
13649,2520,00,7
13650,2160,00,1
13651,3960,00,11
13653,4188,80,7
13654,9000,00,6
13655,3220,40,8
13656,1223,80,2
13657,1440,00,3
13658,12500,00,5
13659,2520,00,7
13660,5130,00,3
13661,2880,00,8
13663,87,30,1
13664,7188,00,12
13665,8433,81,12
13666,3417,00,2
13667,3600,00,10
13668,360,00,1
13669,1500,00,5
13671,300,00,1
13673,3600,00,10
13674,10000,00,4
13675,6340,50,21
13676,7744,00,11
13677,7689,60,3
13678,854,25,1
13679,2500,00,1
13680,5632,00,8
13681,360,00,1
13682,4262,08,17
13683,2520,00,7
13684,7744,00,11
13685,699,20,8
13686,6000,00,12
13687,2100,00,7
13689,720,00,2
13691,2500,00,1
13692,720,00,1
13693,2520,00,7
13694,2754,00,9
13695,3240,00,9
13697,7180,00,3
13698,7500,00,3
13699,3960,00,11
13700,360,00,1
13701,4500,00,3
13702,4518,32,13
13703,6230,00,21
13704,1440,00,4
13706,7744,00,10
13707,990,00,1
13709,5692,82,7
13710,700,00,1
13711,15793,70,3
13713,4320,00,12
13714,3600,00,10
13715,9094,50,30
13716,2100,00,7
13717,3600,00,1
13719,8494,50,28
13720,6336,00,9
13721,2544,00,8
13722,5973,71,17
13723,2160,00,6
13725,2340,00,3
13726,2120,00,1
13727,3960,00,11
13728,4320,00,12
13729,2500,00,1
13730,3240,00,9
13731,324,97,1
13732,3960,00,11
13733,5328,75,21
13734,1440,00,1
13735,3072,45,6
13736,3600,00,10
13737,2500,00,1
13738,4320,00,12
13739,2160,00,1
13740,4320,00,12
13742,2160,00,6
13743,600,00,2
13744,10518,30,1
13745,2010,00,1
13746,720,00,2
13747,5536,66,16
13748,9833,81,14
13749,4522,50,3
13750,500,00,2
13751,6394,50,21
13752,3262,08,13
13753,1800,00,5
13754,5283,71,15
13755,8040,00,8
13756,7020,00,3
13757,29,10,1
13758,3000,00,2
13759,31928,00,12
13761,10000,00,4
13762,1350,00,1
13763,6524,15,13
13764,420,00,9
13765,7744,00,11
13766,6394,50,21
13767,2520,00,7
13768,5200,00,13
13769,360,00,1
13770,1808,30,5
13772,3060,00,10
13773,14920,00,9
13775,10240,00,7
13776,480,00,1
13777,1000,00,4
13778,21060,00,9
13780,1500,00,3
13781,2880,00,8
13782,2880,00,8
13783,12500,00,5
13784,3240,00,4
13785,8400,00,12
13786,3960,00,11
13787,3240,00,9
13788,3600,00,10
13789,2520,00,7
13790,4200,00,14
13791,700,00,1
13792,4320,00,12
13793,28,00,1
13794,616,00,2
13795,2520,00,9
13796,13672,00,8
13797,6318,71,18
13798,2560,00,5
13799,3900,00,13
13800,1405,94,2
13801,3600,00,10
13802,720,00,2
13803,4485,00,13
13805,600,00,2
13806,20000,00,8
13807,5000,00,2
13808,9801,60,15
13809,360,00,1
13810,5000,00,2
13811,8647,60,8
13812,360,00,1
13813,1881,00,6
13814,6048,30,4
13815,7500,00,3
13816,3060,00,10
13817,2448,00,8
13818,2010,00,2
13819,2520,00,7
13821,3549,96,10
13822,6524,15,13
13823,9396,75,11
13824,2010,00,2
13825,360,00,1
13826,5000,00,10
13828,1680,00,30
13829,2448,00,8
13830,7137,81,7
13831,9396,75,11
13832,2524,91,8
13833,6270,00,4
13835,4528,98,15
13836,612,00,2
13837,2112,00,3
13838,3240,00,9
13839,720,00,1
13840,4928,00,7
13841,1080,00,1
13842,936,00,3
13843,5973,71,17
13844,3530,00,11
13845,930,00,3
13846,3600,00,10
13847,1567,50,5
13848,15335,00,17
13849,3600,00,10
13850,3960,00,11
13851,4320,00,12
13852,4294,50,14
13853,360,00,1
13854,360,00,1
13856,6000,00,12
13857,1440,00,4
13858,2400,00,8
13859,9680,00,4
13865,2520,00,7
13866,3240,00,9
13867,326,04,1
13869,3024,16,12
13870,1500,00,1
13873,5300,00,2
13874,28,00,1
13875,1080,00,3
13876,17520,75,11
13877,360,00,1
13878,3240,00,9
13879,1080,00,2
13880,2520,00,7
13881,1500,00,5
13882,5240,00,16
13883,420,00,1
13885,8400,00,12
13886,3313,50,11
13887,384,00,1
13889,18550,00,7
13890,12400,00,10
13891,540,00,8
13892,1500,00,3
13893,2700,00,9
13894,1260,00,9
13895,1097,25,1
13896,2520,00,7
13897,548,63,1
13899,1920,00,3
13900,720,00,2
13901,1530,00,3
13902,2160,00,1
13903,6375,00,5
13904,280,00,1
13905,2754,00,9
13906,2160,00,6
13907,2880,00,8
13908,12965,00,12
13909,22500,00,9
13910,6480,00,3
13911,3960,00,11
13912,1200,00,4
13913,3240,00,9
13914,2880,00,8
13915,12400,00,10
13916,3024,16,12
13917,3240,00,9
13918,960,00,1
13919,2858,72,11
13920,4578,75,18
13921,2160,00,6
13922,4320,00,12
13923,2160,00,6
13924,3237,00,1
13925,1440,00,4
13926,3960,00,11
13927,4500,00,15
13928,3960,00,11
13929,500,00,1
13930,4500,00,15
13931,3366,00,11
13932,3960,00,11
13933,15000,00,6
13934,2520,00,7
13935,5000,00,2
13936,3240,00,9
13937,4787,20,8
13938,1568,00,8
13939,1080,00,3
13940,1080,00,3
13942,2520,00,7
13943,392,00,9
13944,4020,00,4
13945,2880,00,8
13946,300,00,1
13947,2100,00,7
13948,6094,50,20
13949,6048,30,12
13950,310,00,1
13951,960,00,2
13952,720,00,2
13953,2500,00,1
13954,1400,00,2
13955,600,00,2
13956,756,00,9
13957,2880,00,8
13958,1453,00,1
13959,1540,50,5
13960,3072,00,8
13961,1500,00,1
13962,2160,00,6
13963,720,00,2
13964,5000,00,2
13965,306,00,1
13966,306,00,1
13967,37732,00,16
13968,360,00,1
13969,1680,00,2
13970,2520,00,7
13971,2000,00,8
13972,1440,00,4
13973,1200,00,4
13974,2520,00,7
13975,3600,00,10
13976,2500,00,1
13977,2880,00,8
13978,504,00,9
13979,360,00,1
13980,2100,00,7
13981,3240,00,9
13982,3876,00,3
13983,3528,00,9
13984,29,10,1
13985,2520,00,1
13986,4024,16,16
13987,1080,00,1
13988,5025,00,5
13989,2500,00,1
13990,360,00,1
13991,560,00,10
13994,1005,00,1
13996,4320,00,9
13997,360,00,1
13998,262,08,1
13999,1836,00,6
14000,4320,00,12
14001,4460,00,2
14002,364,00,9
14006,7314,00,6
14007,4578,75,18
14008,3240,00,9
14009,6024,15,12
14010,2880,00,8
14011,900,00,3
14012,1408,00,2
14013,2500,00,1
14014,2700,00,9
14016,7500,00,3
14017,360,00,1
14018,360,00,1
14019,1429,98,4
14020,2160,00,6
14021,18550,00,7
14022,2448,00,8
14023,9920,00,8
14024,2800,00,4
14025,12500,00,5
14026,1200,00,4
14028,16700,00,7
14029,7650,00,6
14030,4320,00,12
14031,2926,00,4
14032,4320,00,12
14033,300,00,1
14034,2160,00,2
14035,504,00,9
14036,6524,15,13
14037,7294,50,24
14038,2520,00,7
14039,4024,16,16
14040,1440,00,4
14041,1824,60,1
14042,4313,20,9
14043,3000,00,10
14044,3960,00,11
14045,2520,00,7
14046,1795,20,3
14048,3000,00,10
14049,9522,14,6
14050,3240,00,9
14051,4500,00,15
14052,306,00,1
14053,7024,15,14
14054,7035,00,7
14055,3981,00,4
14056,600,00,2
14057,4221,00,4
14058,10260,00,11
14059,252,00,9
14061,9094,50,30
14062,840,00,15
14063,360,00,1
14064,252,00,9
14065,2916,00,9
14067,10000,00,4
14068,360,00,1
14069,2000,00,1
14070,965,58,3
14071,377,39,1
14072,1800,00,5
14073,3600,00,10
14075,3960,00,11
14076,3600,00,10
14077,6524,15,13
14078,11880,00,1
14079,17640,00,9
14080,3266,08,12
14081,6048,00,9
14082,2160,00,6
14083,1068,32,2
14085,720,00,2
14086,850,50,1
14087,7040,00,10
14088,3000,00,2
14089,5305,05,19
14090,704,00,1
14091,3672,00,12
14092,3960,00,11
14093,2520,00,7
14094,360,00,1
14095,4320,00,12
14096,3105,00,9
14097,25559,89,30
14099,3960,00,11
14100,2700,00,9
14101,2415,00,7
14102,2500,00,1
14103,3548,75,9
14104,2952,18,7
14105,5191,66,15
14106,4505,44,9
14107,2160,00,6
14108,5000,00,2
14110,3212,00,9
14111,720,00,2
14112,360,00,1
14113,260,00,3
14114,17500,00,7
14115,360,00,1
14116,480,00,1
14117,4928,00,7
14118,2070,00,6
14119,20140,00,12
14120,5194,50,17
14121,2520,00,7
14122,3240,00,9
14123,15000,00,6
14124,9094,50,30
14125,3024,16,12
14126,893,56,1
14127,6650,45,19
14129,918,00,3
14130,1900,00,6
14131,15326,40,12
14132,4499,96,7
14133,5166,62,3
14134,720,00,2
14135,6694,50,22
14137,4320,00,12
14138,2775,53,8
14139,25000,00,10
14141,2500,00,1
14142,2010,00,2
14143,4000,00,8
14145,312,00,1
14146,2142,00,7
14147,1080,00,3
14148,1960,00,1
14149,3100,00,3
14151,12500,00,5
14152,616,00,9
14153,102934,40,4
14154,1196,80,2
14155,2160,00,6
14156,1050,00,1
14157,8494,50,28
14161,1080,00,3
14162,360,00,1
14163,1836,00,6
14164,2160,00,6
14165,3366,00,11
14166,2500,00,1
14167,3960,00,9
14169,4320,00,12
14170,3240,00,9
14171,2072,00,9
14172,4250,00,13
14173,326,04,1
14174,2400,00,8
14177,6582,40,11
14178,6524,15,13
14179,2700,00,9
14180,4992,00,8
14181,6552,00,21
14182,1450,00,5
14183,2286,24,9
14184,1800,00,5
14186,4173,32,12
14187,2286,24,9
14188,2520,00,7
14189,13500,00,9
14190,3024,00,9
14191,4200,00,8
14192,1080,00,3
14193,2142,00,7
14194,5824,00,14
14195,600,00,2
14196,720,00,2
14197,27500,00,11
14198,4300,00,2
14199,627,00,2
14200,2880,00,8
14201,3240,00,9
14202,3960,00,11
14203,360,00,1
14204,927,00,3
14205,720,00,2
14206,1440,00,1
14207,1440,00,4
14208,672,00,7
14209,524,16,2
14210,854,25,1
14211,2880,00,8
14212,6336,00,9
14213,4233,18,12
14214,720,00,2
14216,768,00,2
14217,10270,91,16
14218,6482,00,20
14219,2816,00,4
14220,360,00,1
14221,3960,00,11
14222,706,66,2
14223,2520,00,7
14224,7416,96,19
14225,720,00,1
14226,12500,00,5
14227,4320,00,12
14228,9133,81,13
14229,7040,00,10
14230,2880,00,8
14232,3928,28,11
14233,4800,00,16
14234,313,50,1
14235,756,00,9
14236,1980,00,6
14237,2880,00,8
14238,4485,00,13
14239,1764,00,9
14240,2274,16,9
14243,11700,00,5
14244,6030,00,6
14245,3192,00,28
14246,2156,00,9
14247,7008,71,20
14248,1008,00,9
14249,3366,00,11
14250,4030,00,13
14253,360,00,1
14254,3000,00,10
14255,3960,00,11
14256,720,00,2
14257,2340,00,1
14258,2880,00,8
14260,360,00,1
14261,2880,00,8
14262,5328,75,21
14264,3700,00,12
14265,58548,00,30
14266,360,00,1
14273,1005,00,1
14275,360,00,1
14276,6480,00,1
14277,2520,00,7
14278,3240,00,9
14279,633,60,9
14280,360,00,1
14281,15482,00,24
14282,900,00,3
14283,4048,30,8
14285,3270,00,4
14286,4140,00,12
14287,511,25,1
14288,690,00,2
14289,3100,00,10
14290,2382,74,1
14291,5250,00,4
14292,6000,00,12
14293,360,00,1
14294,8542,50,10
14296,6995,00,21
14297,2520,00,7
14298,3240,00,9
14299,3240,00,9
14300,98,10,2
14301,1008,00,9
14302,1012,08,4
14303,12852,00,7
14305,612,00,1
14306,360,00,1
14307,1292,00,1
14308,5628,71,16
14310,300,00,1
14311,1240,00,1
14312,1080,00,3
14313,720,00,1
14314,7107,00,30
14315,3600,00,10
14316,2194,50,1
14317,5000,00,2
14318,700,00,7
14319,630,75,1
14320,1483,20,3
14321,3366,00,3
14322,350,00,1
14323,10000,00,4
14325,2682,96,15
14326,308,00,10
14327,4320,00,12
14328,1232,00,15
14329,500,00,1
14330,3600,00,10
14331,5536,66,16
14332,1000,00,2
14333,600,00,2
14334,4500,00,15
14335,420,00,15
14336,840,00,15
14337,4500,00,15
14338,5000,00,2
14339,3960,00,11
14340,1800,00,1
14341,2520,00,9
14342,1800,00,5
14343,3400,00,10
14345,203,70,7
14346,3960,00,11
14347,2448,00,8
14348,9840,00,4
14349,4500,00,15
14350,2500,00,1
14351,5000,00,2
14352,3600,00,10
14354,6681,00,22
14355,880,00,1
14356,3240,00,9
14357,2992,00,5
14358,918,00,3
14359,4817,50,19
14360,2800,00,8
14361,608,61,1
14363,5984,00,3
14364,720,00,2
14365,3000,00,2
14366,360,00,1
14368,13617,62,7
14369,3960,00,11
14370,2133,81,3
14371,600,00,2
14373,4450,00,15
14374,719,84,2
14375,2750,00,8
14376,4320,00,12
14378,1800,00,6
14379,3240,00,9
14380,6900,00,20
14381,2346,64,9
14382,56,00,2
14383,7028,18,5
14384,4024,16,16
14385,7894,50,1
14386,5700,00,19
14387,2346,64,9
14388,2160,00,6
14390,3600,00,10
14391,13500,00,9
14392,20000,00,8
14393,4501,66,13
14394,1800,00,6
14395,313,53,1
14396,4578,75,18
14397,2160,00,3
14398,1795,20,3
14399,2160,00,6
14402,5000,00,2
14404,6524,15,13
14405,600,00,2
14406,8340,00,5
14407,3240,00,9
14409,306,00,1
14411,5553,32,16
14414,1836,00,6
14415,704,00,1
14416,1080,00,3
14417,3762,08,15
14418,1800,00,6
14419,3672,00,12
14420,918,00,3
14421,15144,90,10
14422,2700,00,9
14423,5000,00,2
14424,2520,00,7
14426,3960,00,11
14427,720,00,2
14428,2880,00,8
14429,5000,00,20
14430,2520,00,7
14431,5000,00,20
14432,2160,00,6
14433,1408,00,2
14434,2500,00,1
14435,720,00,2
14436,1881,00,6
14437,360,00,1
14438,3600,00,10
14439,2754,00,9
14440,4500,00,15
14441,3870,00,9
14442,1680,00,15
14443,4750,00,19
14444,3960,00,11
14445,12750,00,6
14446,3286,40,5
14447,2500,00,1
14448,3600,00,10
14449,1300,00,4
14450,2142,00,7
14451,2500,00,1
14452,3224,00,8
14453,152,05,5
14454,5376,00,14
14455,4240,00,3
14456,12500,00,5
14457,1080,00,3
14458,6190,08,1
14459,12000,02,6
14460,2160,00,6
14461,7500,00,3
14462,476,00,9
14463,1500,00,3
14464,638,04,2
14465,770,00,1
14468,4405,05,16
14469,262,08,1
14470,3500,00,14
14471,4300,00,10
14472,2500,00,1
14473,14517,82,17
14475,20000,00,8
14476,1800,00,1
14477,3254,94,9
14478,2825,68,1
14479,345,00,1
14480,360,00,1
14481,2520,00,2
14482,7180,80,12
14483,4254,00,4
14484,2520,00,7
14485,943,47,3
14486,2520,00,7
14487,930,00,3
14489,5208,32,15
14490,3240,00,9
14491,3600,00,10
14492,9840,00,4
14493,3960,00,11
14494,408,00,1
14495,1680,00,2
14498,3672,00,3
14499,9833,81,14
14500,704,00,1
14502,5328,75,21
14503,11125,44,19
14504,1408,00,2
14505,720,00,2
14506,10000,00,4
14507,3600,00,10
14508,17500,00,7
14509,704,00,1
14510,14000,00,6
14511,4020,00,4
14512,1005,00,1
14514,7852,80,12
14515,1250,00,5
14516,945,00,1
14517,3960,00,11
14518,11055,00,11
14519,3600,00,10
14520,940,50,3
14521,720,00,2
14522,7008,71,20
14524,360,00,1
14525,720,00,2
14526,306,00,1
14528,1292,00,1
14529,10000,00,4
14530,2160,00,6
14531,720,00,1
14532,3600,00,10
14533,2160,00,6
14534,2880,00,8
14535,114,40,1
14536,3960,00,11
14537,3060,00,10
14538,4320,00,12
14539,5048,30,10
14540,2520,00,3
14541,2754,00,9
14542,720,00,2
14543,4076,80,10
14545,8448,00,12
14546,2520,00,7
14547,10000,00,4
14548,4928,00,7
14551,2520,00,7
14552,1196,80,2
14553,3012,08,12
14554,306,00,1
14555,2880,00,8
14556,3240,00,9
14557,2520,00,7
14558,3960,00,11
14559,2754,00,9
14561,3240,00,9
14562,5964,00,9
14563,2415,00,7
14564,1000,00,4
14565,1500,00,3
14566,3240,00,9
14567,3240,00,9
14568,2995,00,5
14569,3672,00,12
14570,3600,00,10
14571,720,00,2
14572,3960,00,11
14573,607,50,3
14574,3000,00,10
14575,7500,00,3
14576,2880,00,8
14577,1680,00,30
14578,3960,00,11
14579,360,00,1
14580,35026,10,30
14581,6524,15,13
14582,2400,00,8
14583,918,00,3
14584,10600,00,4
14585,1731,08,2
14586,2754,00,9
14587,3960,00,11
14588,2880,00,8
14589,3960,00,11
14590,4644,00,2
14591,6024,15,12
14592,360,00,1
14593,8980,00,5
14594,2880,00,3
14595,306,00,1
14598,5979,75,7
14599,2800,00,4
14600,360,00,1
14601,2400,00,8
14602,1116,45,4
14604,512,08,2
14605,1005,00,1
14606,3774,16,15
14607,490,00,7
14608,4262,08,17
14609,10000,00,4
14610,2280,00,3
14611,2688,00,24
14613,2200,00,11
14614,7500,00,3
14615,3960,00,11
14616,3240,00,9
14617,500,00,1
14618,787,50,1
14619,2853,18,8
14620,300,00,1
14621,500,00,2
14622,2100,00,3
14623,3366,00,11
14624,17500,00,7
14625,15860,00,17
14626,1080,00,1
14627,2700,00,9
14628,3960,00,11
14629,600,00,2
14630,7035,00,7
14631,704,00,1
14632,4224,00,6
14634,4950,00,17
14635,2250,00,9
14636,1275,00,1
14637,306,00,1
14638,1800,00,5
14639,2000,00,4
14640,629,20,1
14641,4500,00,9
14642,3960,00,11
14643,3240,00,9
14644,27500,00,11
14645,2500,00,1
14646,3960,00,11
14647,4186,00,7
14648,4320,00,12
14649,3240,00,9
14650,1850,00,2
14652,1800,00,5
14653,1292,00,1
14654,360,00,1
14655,1500,00,3
14656,36192,41,27
14657,3960,00,11
14658,6663,71,19
14659,4900,00,7
14660,3900,00,13
14662,4320,00,12
14663,2520,00,9
14664,1250,00,5
14665,3240,00,9
14667,624,00,1
14668,5328,75,21
14669,1800,00,5
14670,360,00,1
14671,685,44,2
14672,2739,12,10
14673,2430,00,3
14674,11055,00,11
14675,300,00,1
14676,1240,00,1
14677,360,00,1
14678,1440,00,1
14681,3960,00,11
14682,364,00,9
14685,13012,16,12
14686,360,00,1
14687,2142,00,7
14688,1440,00,2
14689,4460,00,2
14690,360,00,1
14691,1467,62,2
14692,3774,16,15
14693,3960,00,11
14694,2500,00,1
14695,10260,00,6
14696,7440,00,6
14697,900,00,3
14698,3600,00,1
14699,1550,00,5
14700,528,00,1
14701,2590,00,10
14702,2880,00,8
14703,1440,00,4
14704,2880,00,8
14705,6336,00,9
14706,12500,00,5
14707,1250,00,5
14708,4200,00,10
14709,720,00,2
14711,1080,00,3
14712,924,00,3
14713,500,00,1
14714,2448,00,8
14715,3900,00,13
14716,3240,00,9
14717,6048,30,12
14718,610,00,2
14719,12500,00,5
14720,4020,00,4
14721,2772,00,9
14722,900,00,3
14723,1036,00,15
14725,2880,00,8
14726,2520,00,7
14727,10000,00,4
14728,1680,00,3
14729,3505,00,2
14730,448,00,9
14731,3600,00,10
14732,2160,00,6
14733,20000,00,8
14734,4262,08,17
14735,720,00,2
14736,1440,00,2
14738,2500,00,1
14739,2500,00,1
14740,3900,00,13
14741,1080,00,3
14742,3685,50,9
14744,3960,00,11
14745,12500,00,5
14746,720,00,1
14748,4450,00,15
14749,3927,00,13
14750,270,00,1
14752,6336,00,9
14753,7099,75,21
14754,2500,00,1
14755,2160,00,6
14756,6524,15,13
14757,360,00,1
14758,360,00,1
14759,8680,00,7
14760,2880,00,8
14761,612,00,2
14762,2816,00,4
14763,3960,00,11
14764,612,00,1
14765,2494,97,1
14766,2010,00,2
14767,501,50,2
14768,1200,00,4
14769,304,10,1
14770,3000,00,12
14771,3600,00,10
14772,627,00,1
14773,380,92,9
14774,3960,00,11
14775,2567,50,10
14776,1400,00,1
14777,6024,15,12
14778,22500,00,9
14779,360,00,1
14780,306,00,1
14781,250,00,1
14782,4320,00,12
14783,4224,00,6
14785,840,00,15
14786,1350,00,5
14787,1108,80,9
14789,5000,00,2
14790,173,89,1
14791,4320,00,4
14793,310,50,9
14794,11055,00,11
14795,2400,00,8
14796,612,00,2
14797,720,00,2
14798,2500,00,1
14799,360,00,1
14800,2112,00,3
14801,5215,05,19
14802,7744,00,11
14803,360,00,1
14804,2500,00,1
14805,10000,00,4
14806,3840,00,10
14807,4928,00,7
14808,704,00,1
14809,5632,00,8
14810,360,00,1
14811,2880,00,8
14812,2500,00,1
14814,360,00,1
14815,4500,00,2
14816,4828,75,19
14817,5297,00,15
14818,6400,00,8
14819,1408,00,2
14820,560,00,1
14822,7500,00,3
14823,1305,00,2
14824,640,00,1
14825,4200,00,6
14826,1000,00,2
14827,1800,00,5
14828,960,00,1
14829,1080,00,1
14830,1800,00,3
14831,2467,04,3
14832,3015,00,3
14833,360,00,1
14834,306,00,1
14836,9133,81,13
14837,1250,00,5
14838,7040,44,11
14839,2800,00,4
14840,4320,00,12
14841,1920,00,4
14842,3240,00,9
14843,4923,18,14
14844,756,00,9
14845,1048,30,2
14846,17500,00,7
14847,1506,04,1
14848,350,00,1
14849,6694,50,1
14850,1400,00,2
14851,3960,00,11
14852,1400,00,2
14853,3550,00,11
14854,360,00,1
14855,250,00,1
14856,2112,00,3
14857,960,00,2
14858,2499,20,4
14859,690,00,2
14861,2160,00,6
14862,1440,00,4
14863,3000,00,10
14864,540,00,9
14865,612,00,2
14866,12620,40,12
14867,5000,00,2
14868,6804,00,1
14869,5000,00,20
14870,2500,00,1
14871,6524,15,13
14872,5632,00,8
14873,2160,00,6
14875,7394,25,5
14877,2880,00,8
14878,6375,00,3
14880,3600,00,10
14881,3000,00,10
14882,2880,00,8
14883,3240,00,9
14884,2400,00,8
14885,7440,00,6
14886,1800,00,5
14887,20005,00,9
14888,1808,30,5
14889,19991,13,35
14890,4320,00,12
14891,3060,00,10
14892,306,00,1
14893,706,66,2
14894,3012,08,12
14895,4320,00,12
14896,2520,00,7
14897,1120,00,2
14898,3240,00,9
14899,3600,00,10
14900,4288,00,10
14902,252,00,9
14903,2400,00,8
14904,1005,00,1
14905,360,00,1
14907,6024,15,12
14908,1404,48,4
14909,168,00,6
14910,3600,00,10
14911,2520,00,7
14912,3500,00,14
14913,18150,40,14
14914,3900,00,13
14915,1000,00,4
14916,5078,75,20
14917,4016,10,2
14919,500,00,2
14920,945,00,1
14921,3780,00,2
14922,3600,00,10
14923,2160,00,6
14925,360,00,1
14926,2520,00,7
14927,1008,00,14
14928,10050,00,6
14929,320,00,5
14930,6720,00,4
14931,2415,00,7
14932,1500,00,1
14933,4320,00,12
14934,360,00,1
14935,3078,75,12
14936,4273,28,12
14937,4140,00,12
14938,2737,00,1
14940,918,00,1
14942,700,00,2
14943,2500,00,1
14944,250,00,1
14945,5000,00,2
14946,360,00,1
14947,2000,00,4
14949,2500,00,1
14952,2500,00,1
14953,3240,00,9
14954,720,00,2
14955,2880,00,8
14956,360,00,1
14957,360,00,1
14958,2268,00,9
14959,720,00,2
14960,1500,00,1
14961,2448,00,8
14962,840,00,1
14963,306,00,1
14964,3900,00,13
14965,360,00,1
14966,1800,00,5
14967,3960,00,11
14968,3240,00,9
14969,9300,00,5
14970,3600,00,10
14971,313,50,1
14972,64,00,2
14973,756,00,15
14974,4644,90,9
14975,7340,00,3
14976,8400,00,12
14977,3240,00,9
14979,10000,00,4
14980,17500,00,9
14982,511,25,2
14984,2520,00,7
14985,1440,00,4
14986,7040,00,10
14988,12500,00,5
14989,1008,00,9
14990,2880,00,8
14991,196,00,7
14992,4500,00,13
14993,4500,00,15
14994,420,00,15
14995,1836,00,6
14996,1620,00,1
14998,300,00,1
14999,2400,00,8
15000,599,00,1
15001,300,00,1
15002,612,00,2
15003,2772,00,9
15004,4320,00,12
15005,3900,00,13
15006,2700,00,9
15007,3240,00,9
15009,2880,00,8
15010,600,00,2
15011,1500,00,3
15012,8400,00,12
15013,6336,00,9
15014,1453,00,1
15015,3600,00,1
15016,2880,00,8
15017,1800,00,5
15018,1345,00,3
15019,3960,00,11
15020,15120,00,7
15021,5820,00,3
15022,345,00,1
15023,2520,00,7
15024,2880,00,8
15026,22500,00,9
15027,5984,00,10
15028,720,00,2
15029,7520,00,5
15030,270,00,1
15031,19234,38,24
15032,2142,00,7
15033,2100,00,7
15034,2500,00,1
15035,2880,00,8
15036,15000,00,6
15037,2108,00,2
15038,2160,00,6
15039,2500,00,1
15040,5158,00,17
15041,720,00,2
15042,720,00,2
15043,10050,00,10
15044,5040,00,9
15045,600,00,2
15046,5000,00,2
15047,1250,00,5
15048,2458,45,2
15049,2500,00,1
15050,2880,00,8
15051,1408,00,1
15052,2112,00,3
15053,3600,00,10
15054,2700,00,9
15055,13392,00,9
15057,17500,00,7
15058,4000,00,8
15059,4500,00,3
15060,4500,00,9
15061,313,50,1
15062,3600,00,10
15063,4914,00,14
15064,7440,00,6
15066,1168,00,2
15067,5000,00,2
15068,3328,75,13
15069,2160,00,6
15070,5450,00,17
15071,4320,00,12
15072,2700,00,9
15074,3060,00,10
15075,957,60,9
15076,6349,77,4
15077,4320,00,12
15078,4320,00,12
15079,612,00,2
15080,900,00,1
15081,400,80,7
15082,5833,33,5
15083,3600,00,10
15084,6000,00,12
15085,3960,00,11
15086,720,00,2
15087,5100,00,15
15088,2562,75,2
15089,1920,04,4
15091,3240,00,9
15092,1080,00,3
15093,900,00,3
15094,1080,00,3
15095,4200,00,14
15096,842,70,30
15097,3960,00,11
15098,6480,00,7
15099,2880,00,8
15100,4000,00,16
15101,420,00,15
15102,3600,00,10
15103,127224,65,2
15104,9386,67,5
15105,2520,00,7
15106,3960,00,11
15107,2754,00,9
15108,1440,00,4
15109,2500,00,10
15110,2500,00,1
15111,1800,00,1
15112,306,00,1
15113,6080,00,5
15114,5000,00,2
15115,5450,00,17
15117,1440,00,13
15118,3960,00,11
15119,20000,00,8
15120,1240,00,1
15121,1080,00,3
15122,720,00,2
15123,4271,25,5
15124,282,15,1
15125,720,00,2
15126,627,00,1
15127,3240,00,9
15128,3960,00,11
15129,5700,00,20
15130,252,00,9
15131,4224,00,3
15132,2520,00,7
15135,300,00,1
15136,3960,00,11
15137,1080,00,3
15138,1080,00,2
15139,13664,00,4
15140,3567,50,4
15142,2520,00,7
15143,360,00,1
15144,5025,00,5
15145,2612,50,1
15146,3240,00,9
15147,360,00,1
15148,1514,24,4
15149,5000,00,2
15150,1380,00,2
15151,3240,00,9
15152,3240,00,9
15153,1834,56,7
15154,3590,40,6
15155,3111,61,2
15156,5000,00,2
15157,126,00,1
15158,4500,00,15
15160,2700,00,8
15161,1500,00,5
15162,6024,15,12
15163,1800,00,5
15164,1440,00,1
15165,2500,00,1
15166,2880,00,8
15167,2750,00,11
15169,308,00,1
15171,3240,00,9
15172,360,00,1
15173,360,00,1
15175,1224,00,4
15176,5000,00,2
15178,1000,00,2
15179,3600,00,12
15180,12500,00,5
15181,2362,50,3
15182,4733,40,3
15183,3240,00,9
15184,704,00,1
15185,17100,00,10
15186,2070,00,6
15187,2880,00,8
15188,7024,15,14
15189,360,00,1
15192,1382,40,8
15193,2520,00,7
15194,1112,00,2
15195,6615,00,13
15196,6663,71,19
15197,3240,00,9
15198,2520,00,7
15199,2520,00,7
15200,360,00,1
15201,600,00,2
15202,1000,00,2
15203,972,00,1
15204,360,00,1
15205,2754,00,9
15206,5355,00,6
15207,3366,00,11
15208,7500,00,3
15211,4828,75,19
15212,2112,00,1
15213,22120,00,18
15214,4660,00,1
15215,4593,71,13
15216,3200,00,2
15217,1054,00,1
15219,3240,00,9
15220,2776,66,8
15222,2160,00,6
15224,4320,00,12
15225,2160,00,6
15226,1080,00,3
15227,1800,00,5
15228,3000,00,10
15229,2500,00,1
15230,7294,50,24
15231,306,00,1
15232,12118,00,12
15233,2520,00,7
15235,720,00,2
15236,3875,00,2
15237,2400,00,8
15238,1512,00,9
15239,2160,00,6
15240,15450,00,6
15242,900,00,3
15243,4320,00,12
15244,16858,40,13
15245,252,00,9
15247,345,00,1
15248,720,00,2
15250,2520,00,7
15252,24269,84,13
15254,3015,00,3
15255,2880,00,8
15256,4320,00,12
15257,4328,75,17
15258,720,00,2
15259,1920,00,8
15260,4320,00,12
15261,2480,00,2
15262,3000,00,10
15263,2160,00,6
15264,1836,00,1
15266,2010,00,2
15267,3240,00,9
15269,3240,00,9
15270,1440,00,4
15271,4680,00,2
15272,1080,00,3
15273,22500,00,9
15274,4024,16,16
15275,700,00,1
15276,690,00,2
15277,4320,00,12
15278,3600,00,10
15279,4500,00,9
15280,2100,00,7
15281,18000,00,12
15282,2680,00,2
15283,9000,00,18
15284,5000,00,2
15285,700,00,1
15286,3240,00,9
15287,2500,00,1
15288,7008,71,20
15289,2160,00,6
15290,1000,00,2
15291,7500,00,3
15292,3600,00,10
15293,2006,40,5
15294,500,00,1
15295,350,00,1
15296,15840,00,7
15297,9360,00,4
15298,2000,00,1
15299,9045,00,9
15300,2880,00,8
15301,3960,00,11
15302,360,00,1
15303,5000,00,2
15304,7040,00,10
15305,2500,00,1
15306,854,25,1
15307,3240,00,9
15308,19197,71,20
15310,7294,50,24
15311,720,00,2
15312,4320,00,12
15313,3672,00,12
15314,4326,36,12
15315,700,00,14
15316,3350,00,7
15317,6834,00,8
15318,7500,00,3
15319,3240,00,9
15320,1005,00,1
15321,250,00,1
15322,360,00,1
15323,2584,00,2
15324,2500,00,1
15325,2160,00,2
15326,10025,00,9
15327,3600,00,10
15328,5000,00,2
15330,2160,00,6
15331,25000,00,10
15332,720,00,2
15333,6350,00,20
15334,1004,00,2
15335,201,00,1
15336,201,00,1
15337,1536,00,4
15338,2160,00,6
15339,145,50,5
15340,2142,00,7
15341,6000,00,12
15342,1262,08,5
15343,3240,00,9
15345,3960,00,11
15346,4320,00,12
15347,3600,00,10
15348,3960,00,11
15350,13860,00,14
15352,854,25,1
15353,2520,00,7
15354,15450,00,17
15356,9000,00,6
15357,3240,00,9
15358,3600,00,10
15359,3960,00,11
15361,5844,09,14
15362,1530,00,5
15363,3060,00,10
15364,2880,00,8
15365,3240,00,9
15366,700,00,1
15367,4320,00,12
15368,2880,00,8
15370,7035,00,7
15371,2880,00,8
15372,11594,00,11
15373,7450,58,11
15374,438,90,1
15375,345,00,1
15376,929,50,11
15377,6524,15,13
15378,3366,00,11
15379,720,00,2
15380,1198,00,2
15382,300,00,1
15383,15000,00,6
15384,1500,00,1
15385,4200,00,14
15386,2880,00,8
15387,2500,00,1
15388,22500,00,9
15389,560,00,6
15390,7366,00,1
15391,1440,00,4
15392,2500,00,1
15393,10510,00,6
15394,2070,00,6
15395,1008,00,9
15396,3960,00,11
15397,12750,00,10
15398,20000,00,8
15400,10000,00,4
15401,1800,00,3
15402,360,53,1
15403,3300,00,11
15404,4500,00,15
15405,6324,00,6
15406,28,00,1
15407,21957,82,15
15408,1440,00,2
15409,2245,00,2
15410,600,00,1
15411,3994,50,13
15413,6554,24,6
15414,1800,00,6
15415,11364,16,4
15416,9969,28,8
15417,310,00,1
15419,252,00,9
15420,2160,00,6
15421,2520,00,7
15423,3600,00,10
15424,3240,00,9
15425,4750,00,19
15426,6000,00,12
15427,13660,00,6
15428,3388,00,11
15429,9000,00,6
15430,17500,00,7
15431,3450,00,10
15432,612,00,2
15433,360,00,1
15434,3600,00,10
15435,360,00,1
15436,11970,00,7
15437,28900,00,25
15438,3600,00,10
15439,2880,00,8
15440,2520,00,7
15441,2500,00,1
15442,4312,00,14
15443,312,00,1
15444,5632,00,8
15446,360,00,1
15447,360,00,1
15448,7500,00,3
15449,11016,00,6
15450,9149,37,15
15451,4320,00,12
15452,360,00,1
15453,2520,00,7
15454,2880,00,8
15455,2880,00,8
15456,252,00,1
15457,3960,00,11
15458,25000,00,10
15459,15000,00,6
15461,360,00,1
15462,4320,00,12
15464,1000,00,2
15465,2864,00,1
15466,3600,00,10
15467,154,05,1
15468,10000,00,4
15469,4500,00,15
15470,4320,00,12
15471,5000,00,2
15472,855,00,1
15474,7008,71,20
15475,4846,66,14
15476,2160,00,6
15477,420,00,15
15478,2000,00,8
15479,4500,00,18
15480,4059,00,11
15482,7594,50,25
15483,1250,00,5
15484,2400,00,8
15485,7024,15,14
15486,3600,00,10
15487,7500,00,3
15488,2160,00,6
15489,3960,00,11
15490,2880,00,4
15491,12500,00,5
15492,2880,00,8
15493,720,00,2
15494,3244,77,9
15495,720,00,2
15496,2024,15,1
15497,4880,00,8
15498,345,00,1
15501,3850,00,12
15502,1440,00,2
15503,6000,00,12
15505,7881,60,12
15506,2754,00,9
15507,3090,00,12
15508,1080,00,3
15509,3240,00,9
15510,2800,00,8
15511,16380,00,7
15512,250,00,1
15513,3240,00,9
15514,3601,00,10
15515,1800,00,5
15516,2520,00,7
15517,4650,00,15
15518,5166,00,28
15520,2500,00,1
15521,4928,00,7
15522,2160,00,6
15524,6515,40,15
15525,2880,00,8
15526,3900,05,3
15528,3672,00,12
15529,2400,00,8
15530,1081,59,3
15531,4320,00,12
15532,3960,00,11
15533,420,00,3
15534,720,00,2
15535,10586,00,12
15536,1500,00,1
15537,360,00,1
15538,6000,00,4
15539,10779,28,4
15540,12500,00,5
15541,3600,00,10
15543,1408,00,2
15544,3240,00,9
15545,8794,00,13
15546,306,00,1
15547,3366,00,11
15548,17280,00,8
15549,3762,08,15
15550,4240,00,7
15551,4938,71,14
15552,500,00,1
15553,512,08,2
15554,1000,00,2
15555,1000,00,2
15556,3408,00,11
15557,3600,00,10
15558,300,00,1
15559,1080,00,1
15560,5820,00,18
15561,7040,00,10
15562,11970,00,7
15565,3240,00,9
15566,2880,00,8
15567,1540,00,15
15568,2700,00,9
15569,3450,00,11
15570,720,00,2
15571,2160,00,6
15572,1500,00,3
15573,8317,50,3
15574,7500,00,3
15575,2880,00,8
15576,5670,00,21
15577,4328,75,17
15578,5632,00,8
15579,250,00,1
15580,2880,00,8
15581,4928,00,7
15583,5984,00,10
15584,8744,32,16
15585,119,90,1
15590,89,00,10
15593,3236,60,2
15594,89,90,1
15595,239,80,2
15596,2438,00,1
15597,14627,80,5
15598,720,00,2
15599,1800,00,5
15601,2480,00,2
15603,1920,00,4
15605,1299,89,1
15606,5000,00,2
15607,1080,00,3
15608,1800,00,5
15609,2520,00,6
15610,4320,00,2
15612,1800,00,5
15615,1080,00,2
15616,10800,00,5
15619,5760,00,9
15620,5000,00,2
15621,1500,00,1
15622,1800,00,5
15626,1800,00,5
15627,6200,00,5
15628,2935,24,4
15630,612,00,2
15631,1800,00,5
15632,1240,00,1
15633,360,00,1
15635,1800,00,5
15636,1440,00,4
15638,1530,00,5
15639,1800,00,5
15640,360,00,1
15641,720,00,2
15642,1080,00,3
15643,2096,60,4
15644,666,00,1
15645,10000,00,4
15646,2860,00,2
15647,360,00,1
15648,5260,00,5
15651,1800,00,5
15652,361,66,1
15653,9340,00,5
15655,5000,00,2
15656,524,15,1
15658,1800,00,5
15659,105,00,10
15660,6425,00,7
15661,360,00,1
15662,918,00,3
15663,60,00,6
15664,2500,00,1
15665,612,00,2
15666,918,00,3
15669,1224,00,4
15670,1800,00,5
15673,360,00,1
15674,1440,00,3
15675,1080,00,3
15676,720,00,2
15677,1005,00,1
15679,1500,00,1
15680,1800,00,5
15681,1240,00,1
15683,1440,00,4
15684,1080,00,3
15685,720,00,2
15686,1056,00,3
15687,1080,00,3
15688,720,00,2
15690,1024,15,2
15691,1440,00,4
15694,2880,00,4
15695,360,00,1
15696,1800,00,2
15698,3240,00,9
15700,1224,00,4
15701,720,00,2
15702,306,00,1
15703,2520,00,7
15704,360,00,1
15705,2880,00,8
15706,733,81,1
15707,2500,00,1
15708,720,00,2
15709,2500,00,1
15711,480,00,1
15713,2995,00,5
15714,720,00,2
15715,2010,00,2
15717,720,00,2
15719,3740,00,2
15720,1800,00,5
15721,9800,00,5
15722,1800,00,5
15725,2520,00,7
15726,720,00,2
15727,360,00,1
15728,1800,00,5
15729,350,00,1
15730,5880,00,3
15732,1054,00,1
15734,24,00,1
15735,360,00,1
15736,1524,16,6
15737,704,00,1
15740,5130,00,3
15741,1800,00,5
15742,3590,40,4
15743,360,00,1
15745,360,00,1
15746,1800,00,5
15750,1080,00,3
15751,2340,00,1
15752,1800,00,5
15753,7500,00,5
15755,10000,00,4
15756,2194,50,5
15757,1800,00,5
15758,2500,00,1
15759,360,00,1
15760,720,00,2
15761,2500,00,1
15763,1800,00,5
15764,918,00,2
15766,1800,00,5
15769,1308,27,2
15770,10000,00,4
15771,13,07,1
15772,1710,00,1
15773,5000,00,2
15774,369,00,1
15775,978,12,3
15777,360,00,1
15779,918,00,3
15780,720,00,2
15782,306,00,1
15783,2160,00,6
15784,2160,00,6
15785,6000,00,4
15786,1080,00,3
15787,1800,00,5
15788,2500,00,1
15789,1440,00,3
15790,918,00,1
15792,1800,00,5
15793,720,00,2
15794,4707,72,2
15796,704,00,1
15797,1240,00,1
15803,704,00,1
15804,306,00,1
15805,4725,00,4
15807,1800,00,5
15809,1800,00,5
15810,1080,00,3
15811,306,00,1
15812,2500,00,1
15813,1800,00,5
15817,1080,00,3
15818,2125,00,1
15819,6000,00,4
15820,1440,00,4
15821,5893,52,15
15822,360,00,1
15823,1800,00,5
15824,360,00,1
15826,5025,00,5
15827,306,00,1
15828,360,00,1
15829,2393,60,4
15830,5000,00,2
15831,360,00,1
15832,306,00,1
15834,1080,00,2
15835,306,00,1
15837,2448,00,8
15839,1800,00,5
15840,2500,00,1
15845,1800,00,5
15846,1800,00,5
15849,360,00,1
15850,1567,50,5
15851,1080,00,3
15852,112,50,9
15853,2500,00,1
15854,2010,00,1
15855,1080,00,3
15857,2880,00,8
15859,1800,00,5
15863,1800,00,5
15864,1080,00,3
15865,2160,00,4
15866,360,00,1
15867,1800,00,5
15869,3000,00,2
15870,8330,00,5
15872,8040,00,5
15873,10000,00,4
15874,720,00,2
15876,1795,20,3
15877,1800,00,5
15878,360,00,1
15880,360,00,1
15881,360,00,1
15882,2520,00,7
15883,1800,00,5
15884,1800,00,5
15885,612,00,2
15886,2010,00,2
15887,720,00,2
15888,1196,80,2
15890,2500,00,1
15891,1800,00,5
15892,7500,00,5
15893,1800,00,5
15894,720,00,2
15895,1408,00,2
15896,1440,00,4
15897,1800,00,5
15898,4158,00,2
15899,360,00,1
15900,2142,00,1
15901,3968,00,3
15902,1530,00,5
15903,360,00,1
15904,1800,00,5
15906,360,00,1
15907,1440,00,4
15908,360,00,1
15909,360,00,1
15910,306,00,1
15912,1800,00,5
15914,360,00,1
15915,1795,20,3
15916,1530,00,5
15917,1440,00,3
15918,704,00,1
15920,1080,00,3
15921,4960,00,5
15925,1700,40,1
15926,360,00,1
15927,360,00,1
15929,1800,00,5
15930,6200,00,5
15931,598,40,1
15933,7500,00,3
15934,720,00,2
15935,306,00,1
15936,1710,00,1
15938,4190,00,3
15939,1800,00,5
15940,5270,00,5
15941,720,00,2
15943,2340,00,1
15945,1530,00,5
15946,1080,00,3
15947,1800,00,5
15948,1800,00,5
15949,598,40,1
15950,2970,00,3
15951,26647,50,3
15952,1800,00,5
15953,360,00,1
15954,720,00,1
15955,2010,00,2
15956,4960,00,4
15957,2992,00,5
15958,2500,00,1
15959,1800,00,5
15960,1080,00,1
15961,2128,05,1
15962,1054,00,1
15963,1530,00,5
15966,1080,00,2
15967,2200,00,1
15968,1530,00,5
15969,6960,00,3
15971,704,00,1
15973,612,00,2
15974,1080,00,3
15976,1080,00,1
15978,360,00,1
15982,401,28,1
15983,1440,00,1
15987,11700,00,5
15989,1500,00,1
15990,1530,00,5
15992,360,00,1
15994,7500,00,5
15995,1080,00,1
15996,1800,00,5
15997,1800,00,5
15998,720,00,2
16000,2500,00,1
16001,2500,00,1
16002,1440,00,4
16007,2500,00,1
16008,2880,00,8
16009,3240,00,5
16010,6200,00,5
16012,1224,00,4
16014,4368,93,3
16015,360,00,1
16016,2500,00,1
16017,704,00,2
16018,1800,00,5
16019,11112,00,5
16020,306,00,1
16021,524,16,2
16099,1240,00,1
16101,361,66,1
16105,5300,00,2
16112,360,00,1
16113,579,30,1
16114,2217,00,9
16115,89,90,1
16116,119,90,1
16118,159,80,1
16119,2346,70,6
16120,99,80,1
16121,209,80,1
16122,509,70,1
16123,389,60,1
16124,89,90,1
16125,479,50,1
16126,689,70,2
16127,2115,60,3
16128,928,80,3
16129,2018,80,1
16130,2226,70,1
16131,7161,30,9
16132,2158,20,1
16133,1068,40,1
16134,509,50,1
16135,419,30,3
16136,2696,60,9
16137,669,00,4
16138,718,80,5
16139,3107,50,4
16140,698,60,7
16141,349,30,7
16142,199,60,1
16143,329,70,1
16144,359,40,1
16145,5574,10,9
16146,239,70,1
16147,899,30,1
16148,239,70,1
16150,360,00,1
16152,1058,40,9
16154,283,04,1
16157,1440,00,4
16158,1440,00,4
16159,180,00,1
16160,1120,00,1
16161,220,00,1
16162,1080,00,2
16164,3366,00,6
16166,1440,00,4
16173,5000,00,2
16175,720,00,2
16176,720,00,1
16177,1440,00,4
16178,3420,00,2
16179,1107,00,3
16181,704,00,1
16182,1440,00,4
16184,1440,00,4
16185,360,00,1
16186,2500,00,1
16188,1710,00,1
16190,720,00,1
16192,360,00,1
16193,360,00,1
16195,306,00,1
16197,1960,00,1
16198,1440,00,4
16201,1440,00,4
16203,360,00,1
16205,1224,00,4
16209,1440,00,4
16210,3920,00,4
16211,3740,00,2
16212,720,00,1
16213,1080,00,2
16214,1440,00,4
16215,360,00,1
16216,720,00,1
16217,704,00,1
16219,360,00,1
16220,360,00,1
16221,704,00,1
16222,3600,00,7
16223,1440,00,4
16225,360,00,1
16226,1240,00,1
16227,400,00,1
16228,1440,00,4
16229,,00,1
16232,1836,00,4
16233,360,00,1
16234,1440,00,1
16236,1080,00,3
16239,4020,00,4
16240,1440,00,4
16241,360,00,1
16242,1224,00,4
16243,306,00,1
16248,7500,00,3
16249,1440,00,4
16251,2500,00,1
16254,598,40,1
16255,1440,00,4
16256,360,00,1
16257,720,00,2
16258,390,00,1
16259,918,00,2
16261,1440,00,4
16262,20,00,1
16263,360,00,1
16264,612,00,1
16265,1224,00,4
16268,1224,00,4
16269,1224,00,4
16270,1080,00,3
16271,2500,00,1
16272,918,00,3
16273,5000,00,2
16274,500,00,1
16276,4960,00,4
16278,670,91,1
16281,1440,00,4
16282,360,00,1
16283,288,00,1
16284,360,00,1
16286,720,00,1
16287,1808,30,3
16288,1275,00,1
16289,1440,00,4
16291,360,00,1
16292,345,00,1
16293,720,00,2
16294,1080,00,1
16295,360,00,1
16296,39336,00,5
16297,360,00,1
16298,1224,00,4
16299,1800,00,5
16300,1440,00,4
16301,1080,00,3
16302,360,00,1
16303,2816,00,4
16304,1440,00,4
16305,1254,00,4
16306,1440,00,1
16307,720,00,2
16308,1440,00,4
16309,1080,00,3
16310,2500,00,1
16312,306,00,1
16313,1440,00,4
16314,4020,00,4
16315,720,00,2
16316,1440,00,4
16317,4020,00,4
16318,2252,80,4
16321,3000,00,2
16323,1110,00,3
16324,360,00,1
16325,1005,00,1
16326,324,97,1
16327,720,00,2
16328,1440,00,4
16329,1440,00,4
16330,360,00,1
16331,360,00,1
16332,1080,00,2
16333,2873,76,4
16335,1080,00,2
16336,1440,00,4
16337,330,00,1
16340,1440,00,4
16341,612,00,2
16342,360,00,1
16344,1408,00,2
16346,1224,00,4
16347,4960,00,4
16348,6777,00,5
16349,720,00,1
16350,3148,50,6
16351,720,00,2
16352,720,00,2
16355,5814,00,4
16357,1224,00,4
16358,918,00,3
16359,1240,00,1
16361,360,00,1
16364,1224,00,4
16365,22,00,1
16366,1005,00,1
16367,1440,00,4
16368,306,00,1
16369,360,00,1
16371,1440,00,4
16373,1440,00,4
16374,306,00,1
16375,1960,00,1
16380,360,00,1
16381,6840,00,4
16382,1440,00,4
16383,2500,00,1
16384,1440,00,4
16387,500,00,1
16388,1500,00,3
16389,720,00,2
16391,2500,00,1
16393,648,70,7
16394,1224,00,4
16395,8040,00,5
16397,1440,00,4
16398,1440,00,3
16399,1260,00,2
16401,612,00,2
16403,360,00,1
16404,720,00,2
16405,1440,00,4
16406,1440,00,4
16407,1224,00,4
16408,665,60,1
16409,2520,00,3
16410,1080,00,3
16411,720,00,1
16413,360,00,1
16414,1224,00,4
16415,1224,00,4
16416,1440,00,4
16417,360,00,1
16418,1440,00,4
16419,360,00,1
16420,1800,00,5
16421,1440,00,4
16422,1440,00,4
16423,1440,00,4
16424,1224,00,4
16425,720,00,1
16426,3720,00,3
16427,360,00,1
16428,360,00,1
16429,261,25,1
16431,30,00,1
16432,3015,00,2
16434,360,00,1
16435,2010,00,2
16436,720,00,2
16438,1440,00,4
16441,360,00,1
16442,1440,00,4
16444,1440,00,4
16445,1080,00,1
16446,1224,00,4
16447,3584,00,7
16448,5000,00,2
16449,1224,00,4
16450,2500,00,1
16452,352,00,4
16458,360,00,1
16459,2010,00,2
16460,1440,00,4
16461,1440,00,4
16462,54,00,1
16465,1080,00,1
16466,918,00,3
16468,360,00,1
16469,2500,00,1
16470,360,00,1
16472,432,00,1
16474,422,40,3
16475,422,40,3
16478,360,00,1
16479,1440,00,4
16481,1710,00,1
16484,422,40,3
16485,1068,32,3
16488,110,00,1
16489,1710,00,1
16490,2340,00,1
16491,1005,00,1
16492,1080,00,3
16493,1440,00,4
16494,360,00,1
16496,360,00,1
16497,720,00,2
16500,2816,00,4
16501,1080,00,3
16502,2816,00,4
16503,1080,00,3
16504,504,00,6
16505,360,00,1
16506,1440,00,4
16509,1440,00,3
16510,1440,00,4
16511,1440,00,4
16512,360,00,1
16513,1440,00,4
16514,2500,00,1
16515,4020,00,4
16517,612,00,1
16518,3735,00,3
16520,5385,60,5
16522,704,00,1
16523,612,00,2
16524,360,00,1
16526,2500,00,1
16527,1224,00,4
16528,360,00,1
16529,154,00,1
16530,704,00,1
16532,360,00,1
16533,360,53,1
16535,360,00,1
16536,1440,00,4
16537,313,50,1
16538,360,00,1
16539,2500,00,1
16540,720,00,2
16541,34,00,1
16542,140,00,1
16543,4960,00,4
16544,306,00,1
16546,6840,00,4
16547,1521,00,1
16548,720,00,2
16549,720,00,2
16551,1440,00,4
16552,360,00,1
16554,3720,00,3
16555,,00,1
16557,225,61,1
16558,2945,00,1
16559,1522,50,3
16560,720,00,1
16561,720,00,1
16562,360,00,1
16563,4490,00,4
16564,720,00,2
16565,1408,00,2
16566,2880,00,3
16567,1440,00,4
16569,360,00,1
16570,345,00,1
16571,1440,00,4
16572,1080,00,3
16573,306,00,1
16574,2500,00,1
16575,2700,00,5
16578,720,00,2
16580,720,00,2
16581,5130,00,3
16582,1440,00,4
16583,10074,00,5
16585,422,40,3
16586,2393,60,4
16587,306,00,1
16589,360,00,1
16592,1080,00,3
16593,3417,00,4
16594,118,00,1
16595,1440,00,4
16596,1440,00,4
16597,704,00,1
16598,360,00,1
16600,3738,48,2
16601,1000,00,2
16684,31252,70,3
16685,3230,13,1
16686,179,80,1
16687,309,60,3
16688,3935,70,9
16689,22884,90,4
16690,569,50,2
16691,89,90,1
16692,479,80,1
16693,429,30,1
16695,2607,80,21
16696,51767,18,2
16697,33056,36,10
16698,1528,30,5
16700,689,10,1
16701,59,90,1
16702,1768,10,5
16703,2157,90,1
16704,211,41,2
16705,359,70,1
16706,79,90,1
16707,419,30,1
16708,2507,60,1
16709,139988,20,11
16710,959,00,5
16711,5154,00,12
16712,1967,50,12
16713,1658,10,12
16714,119,90,1
16715,99954,90,22
16716,22852,50,1
16717,5028,50,5
16718,3676,40,11
16719,2906,20,10
16720,589,80,1
16721,49,90,1
16722,2667,30,3
16723,209,80,1
16724,1958,20,1
16725,16049,40,2
16726,7053,00,2
16727,269,70,1
16729,299,60,2
16730,1197,60,12
16731,359,70,3
16732,179,80,2
16733,179,80,2
16734,1228,80,1
16735,239,70,1
16736,579,30,1
16737,159,80,1
16738,449,40,1
16739,39976,70,1
16740,8905,40,1
16741,89,90,1
16742,2706,30,12
16743,599,00,1
16744,12229,80,1
16745,99,80,1
16746,269,70,3
16747,5995,00,2
16748,179,80,2
16749,11361,90,1
16750,20248,75,7
16752,56518,78,1
16753,24512,80,5
16754,33339,52,8
16755,44910,53,1
16757,1748,60,1
16758,389,70,1
16759,7381,60,3
16760,17142,30,1
16761,59,90,1
16762,98138,20,3
16763,359,60,2
16764,1398,50,6
16767,2157,80,6
16768,89,90,1
16769,659,40,2
16770,1798,40,1
16771,7890,80,1
16772,1298,70,6
16773,2556,80,1
16774,299,70,1
16775,1538,50,1
16776,4086,10,5
16777,989,10,1
16778,1598,00,2
16779,4428,10,1
16783,2766,60,7
16785,569,40,3
16787,659,20,5
16788,9119,83,1
16789,1398,50,1
16790,389,60,1
16791,14234,10,4
16792,1317,80,1
16794,3116,90,6
16795,20424,30,8
16796,3956,60,4
16798,379,70,1
16802,7791,40,1
16803,799,00,1
16804,9853,00,1
16805,159,90,1
16806,2186,00,1
16807,55064,99,10
16808,23167,76,8
16809,6912,00,4
16810,89,90,1
16811,329,70,1
16812,89,90,1
16813,1648,20,1
16814,1798,10,1
16815,2876,60,2
16817,149,80,2
16818,55366,30,15
16820,269,70,1
16821,1298,00,3
16822,25505,37,2
16823,24373,80,8
16824,38731,93,5
16825,1138,80,8
16827,90865,80,4
16828,12948,00,3
16830,3226,60,1
16831,179,80,2
16832,7471,60,1
16833,5510,96,1
16835,1678,30,1
16836,2127,70,1
16837,119,90,1
16838,7711,70,1
16839,299,60,3
16840,12474,33,3
16841,5055,23,4
16842,79,80,1
16843,89,90,1
16844,569,40,1
16845,289,80,1
16846,359,60,1
16847,611,33,1
16848,959,00,1
16850,23796,50,1
16851,11112,80,1
16852,89,90,1
16853,1079,00,1
16854,859,20,1
16855,519,50,1
16856,249,80,1
16857,22584,10,1
16858,27617,93,10
16859,119,80,1
16860,359,70,1
16861,1029,60,1
16862,19268,10,4
16863,89,90,1
16864,2868,20,1
16865,329,70,1
16866,25106,00,12
16867,7033,90,6
16868,8214,20,2
16869,79,80,2
16870,119,90,1
16871,399,50,2
16872,2787,10,3
16873,79,90,1
16874,839,00,2
16875,329,60,3
16876,309,60,1
16877,79,90,1
16878,159,80,1
16880,2417,10,8
16881,1518,50,2
16883,818,80,1
16884,239,60,3
16885,4793,40,2
16886,479,50,1
16887,6649,00,3
16888,1028,80,2
16889,8752,40,1
16890,89,90,1
16891,1038,90,1
16893,239,70,1
16894,299,70,2
16895,2477,80,2
16896,1119,10,2
16897,1458,80,1
16898,99,80,1
16899,858,40,1
16900,119,80,2
16901,18308,40,1
16902,10018,30,10
16904,2286,70,9
16905,2096,80,9
16906,229,60,1
16908,3996,30,1
16910,279,80,1
16911,659,60,1
16912,99,90,1
16913,9733,83,2
16914,5444,70,1
16915,809,10,1
16916,11438,10,4
16917,7713,00,3
16918,89,90,1
16919,479,40,1
16920,779,20,1
16921,279,60,1
16922,629468,63,8
16923,4046,20,1
16924,1938,10,1
16925,239,70,1
16926,4205,60,1
16927,119,90,1
16928,1808,30,1
16930,589,50,1
16931,119,90,1
16932,17781,00,5
16934,619,50,2
16935,5513,60,12
16936,2467,00,3
16938,569,40,1
16939,899,30,1
16940,11808,80,1
16941,5505,99,1
16942,11289,50,1
16943,31238,30,1
16944,479,70,1
16945,239,70,1
16946,1228,50,1
16947,4500,00,4
16949,79,80,1
16950,14400,00,3
16952,352,04,2
16953,568,82,1
16954,4051,36,4
16955,2200,00,1
16956,17500,00,7
16957,10600,00,4
16958,300,00,1
16959,300,00,1
16960,7500,00,3
16961,10000,00,4
16962,2500,00,1
16963,1240,00,1
16964,7500,00,3
16965,15425,00,9
16966,12500,00,5
16967,1064,00,1
16968,6996,00,6
16969,1500,00,1
16970,20,00,1
16971,20000,00,8
16973,5000,00,2
16974,1500,00,1
16975,12500,00,5
16976,5846,02,2
16977,7020,00,3
16978,15000,00,6
16979,5000,00,2
16980,10000,00,4
16981,22500,00,9
16982,30000,00,12
16983,1275,00,1
16984,5000,00,2
16985,1500,00,1
16986,5700,00,1
16987,5000,00,2
16988,7936,15,1
16989,12827,50,8
16990,4660,00,2
16991,15000,00,6
16992,15960,00,4
16993,7500,00,3
16994,9000,00,3
16996,1687,50,1
16997,224000,00,8
17000,23250,00,15
17001,1800,00,1
17003,2430,00,27
17004,2028,00,11
17005,10500,00,1
17006,4500,00,3
17007,51975,00,9
17008,266,70,1
17009,660,00,1
17010,2500,00,1
17011,5000,00,2
17012,3580,00,2
17013,12500,00,5
17014,12500,00,5
17015,17500,00,7
17016,2500,00,1
17017,1326,00,2
17018,2240,00,1
17019,5000,00,2
17020,22500,00,9
17021,2525,00,1
17022,2737,50,1
17023,17500,00,7
17024,12500,00,5
17025,12500,00,5
17026,2500,00,1
17027,25000,00,10
17028,17500,00,7
17032,80,00,2
17033,5000,00,2
17034,2000,00,1
17035,7500,00,3
17036,2500,00,1
17037,3000,00,2
17038,15000,00,6
17039,2500,00,1
17041,975,00,1
17042,12240,00,6
17043,7500,00,3
17044,1600,00,1
17045,2500,00,1
17046,7750,00,2
17047,17500,00,7
17048,945,40,1
17049,1148,40,2
17050,2500,00,1
17051,15000,00,6
17052,15000,00,6
17053,2500,00,1
17054,2500,00,1
17055,2500,00,1
17056,2500,00,1
17057,2500,00,1
17058,2500,00,1
17059,15000,00,6
17060,27,00,1
17061,54,00,1
17063,2500,00,1
17064,5000,00,2
17065,1860,00,1
17066,4212,00,1
17067,2000,00,1
17068,200,00,1
17069,10000,00,4
17070,17,00,1
17071,1100,00,1
17074,1600,00,1
17075,5000,00,2
17076,2500,00,1
17077,4000,00,1
17078,25000,00,10
17079,2500,00,1
17080,1500,00,1
17081,5000,00,2
17082,4338,46,8
17083,1200,00,1
17084,1200,00,1
17085,800,00,1
17086,5000,00,2
17087,1102,50,1
17088,2500,00,1
17089,15000,00,6
17090,2500,00,1
17091,2500,00,1
17092,2300,00,1
17093,5000,00,2
17094,21292,00,9
17095,152,00,2
17096,59,25,1
17097,20,00,1
17098,22400,00,7
17099,2500,00,1
17100,2160,00,1
17101,47025,00,1
17103,33,42,1
17104,7500,00,3
17105,28800,00,1
17106,212,73,1
17107,2500,00,1
17108,28993,02,12
17109,2500,00,1
17110,4,35,1
17111,5000,00,2
17112,2400,00,1
17113,2500,00,1
17114,5000,00,2
17115,2240,00,7
17116,2160,00,1
17117,2500,00,1
17118,12500,00,5
17119,12160,00,5
17120,2500,00,1
17121,1088,18,1
17122,2500,00,1
17123,5000,00,2
17124,2500,00,1
17125,7,41,3
17126,24,70,1
17127,2500,00,1
17128,1892,00,1
17129,1500,00,3
17130,6,00,1
17131,1960,00,1
17132,5000,00,2
17133,1818,00,1
17134,32,10,1
17135,1282,50,1
17136,345,00,1
17137,18550,00,7
17138,18360,00,13
17139,2500,00,1
17140,5400,00,2
17141,3740,00,2
17142,300,00,1
17143,420,00,1
17144,18,00,1
17145,5000,00,2
17146,17500,00,7
17147,2800,00,1
17148,5000,00,2
17149,10000,00,4
17150,25000,00,10
17151,12608,00,13
17152,10000,00,4
17153,18025,00,8
17154,383,95,1
17155,5000,00,2
17156,14544,00,9
17157,2500,00,1
17158,494,24,1
17159,489,73,1
17160,445,71,1
17161,225,61,1
17162,936,00,4
17163,565,52,4
17164,999,46,2
17165,1813,52,4
17166,1813,52,4
17167,669,97,1
17168,241,63,1
17169,214,50,1
17170,1620,00,2
17171,2500,00,1
17172,838,99,1
17173,22500,00,9
17174,7500,00,3
17176,2916,00,1
17177,18550,00,7
17178,12340,00,5
17180,2500,00,1
17181,7500,00,3
17182,7500,00,3
17183,14400,00,5
17184,20000,00,8
17185,79,90,1
17186,83,98,1
17187,7285,00,5
17188,9112,64,3
17189,2520,00,1
17190,2500,00,1
17191,17500,00,7
17193,27136,46,2
17194,7500,00,3
17195,10000,00,4
17196,2130,00,2
17197,2500,00,1
17198,5000,00,2
17199,2500,00,1
17200,10000,00,4
17201,25000,00,10
17202,112,00,1
17203,1050,00,1
17204,22000,00,4
17205,10000,00,2
17206,2500,00,1
17207,2500,00,1
17208,12500,00,5
17209,2625,00,1
17210,25000,00,10
17211,2500,00,1
17212,26800,00,11
17213,7340,00,3
17215,660,00,2
17218,510,00,2
17219,1695,00,10
17221,1200,00,1
17222,3085,60,1
17223,10000,00,4
17224,5000,00,2
17225,4000,00,1
17226,5000,00,2
17227,7500,00,3
17228,17500,00,7
17229,19585,00,10
17230,28,00,1
17231,2500,00,1
17233,570,00,4
17234,7064,00,3
17235,2500,00,1
17236,2500,00,1
17237,2500,00,1
17238,5000,00,2
17239,2500,00,1
17240,7500,00,3
17241,2500,00,1
17242,2500,00,1
17243,991,60,1
17244,9838,65,3
17245,170,40,2
17246,7500,00,3
17247,7500,00,3
17250,299,50,1
17251,5000,00,2
17252,82,16,1
17253,252,00,1
17254,12500,00,5
17255,975,00,4
17256,2995,00,2
17257,10000,00,4
17258,2500,00,1
17259,2500,00,1
17260,7180,00,3
17261,7500,00,3
17264,600,00,2
17265,2120,00,1
17266,2500,00,1
17267,5320,00,2
17268,2500,00,1
17269,15,00,1
17270,316,80,19
17271,10000,00,4
17272,2500,00,1
17273,2942,28,4
17274,3354,76,2
17275,3996,40,4
17276,4592,16,6
17277,2804,79,3
17279,12500,00,5
17280,215,67,1
17281,25200,00,5
17282,1194,00,1
17283,2500,00,1
17284,2500,00,1
17285,20000,00,8
17286,5000,00,2
17287,5000,00,2
17288,7500,00,3
17289,1088,88,4
17290,9000,00,3
17291,1728,00,1
17292,6134,04,2
17293,33,00,1
17294,23300,00,15
17295,80,58,1
17296,12180,00,5
17297,4000,00,1
17298,5300,00,2
17299,18550,00,7
17300,12965,00,12
17301,3554,70,1
17302,25000,00,10
17303,816,00,1
17304,3150,00,1
17305,9650,24,3
17306,12500,00,5
17307,2650,00,1
17308,15271,10,2
17309,61,02,1
17310,20,34,2
17311,5000,00,2
17312,196,00,1
17313,1000,00,2
17314,305,70,1
17315,2500,00,1
17316,2500,00,1
17317,61,75,1
17318,37732,00,16
17319,2500,00,1
17320,2500,00,1
17321,282,80,1
17322,2500,00,1
17323,2125,00,1
17324,4460,00,2
17325,2500,00,1
17326,2500,00,1
17327,7500,00,3
17328,18550,00,7
17329,4185,00,17
17330,15000,00,6
17331,16700,00,7
17332,3000,00,1
17333,2500,00,1
17334,2500,00,1
17335,3842,30,32
17336,5252,00,4
17337,10260,00,11
17338,300,00,1
17339,5378,30,1
17340,10000,00,4
17341,431,58,1
17342,2500,00,1
17343,2000,00,1
17344,8829,00,3
17345,6601,92,2
17346,4725,00,2
17347,560,00,1
17348,2500,00,1
17349,5000,00,2
17350,15000,00,6
17351,20140,00,12
17352,15000,00,6
17354,2125,00,1
17355,7200,00,1
17356,5000,00,2
17357,22500,00,9
17358,2500,00,1
17360,10000,00,4
17361,600,00,1
17362,25000,00,10
17363,4500,00,2
17365,717,25,1
17366,2500,00,1
17367,12500,00,5
17368,11700,00,5
17369,2500,00,1
17370,2500,00,1
17371,1000,00,1
17372,672,00,1
17373,1264,00,1
17374,5000,00,2
17375,112,00,1
17376,10000,00,4
17377,56,00,1
17378,5000,00,2
17380,9840,00,4
17381,2500,00,1
17382,5000,00,2
17383,300,00,1
17384,125,05,1
17385,375,15,3
17386,17500,00,7
17387,120,00,2
17388,5000,00,2
17389,1980,00,2
17390,5000,00,2
17391,7500,00,3
17392,1441,64,1
17393,2500,00,1
17394,2500,00,1
17395,2730,00,1
17396,12750,00,6
17397,2500,00,1
17398,2500,00,1
17399,12500,00,5
17400,7500,00,3
17401,2500,00,1
17402,20000,00,8
17403,9840,00,4
17404,10000,00,4
17405,17500,00,7
17406,14000,00,6
17407,3488,95,2
17408,10000,00,4
17409,2500,00,1
17411,10000,00,4
17412,7500,00,3
17413,1120,00,1
17414,10600,00,4
17415,2322,00,1
17416,77,45,5
17417,99,77,1
17418,10000,00,4
17419,7500,00,3
17420,4392,00,1
17421,990,00,1
17422,720,00,1
17423,9200,00,2
17424,17500,00,7
17425,5000,00,2
17426,2500,00,1
17427,251,68,2
17428,31500,00,21
17429,25000,00,10
17430,2500,00,1
17431,1295,00,1
17432,8300,00,1
17433,205,01,1
17434,4460,00,2
17435,2500,00,1
17436,12500,00,5
17437,2144,24,2
17438,3900,00,1
17439,12500,00,5
17440,10000,00,4
17441,3505,00,2
17442,17500,00,7
17443,658,00,2
17444,2500,00,1
17445,2500,00,1
17446,12500,00,5
17447,2500,00,1
17448,4640,00,1
17449,2500,00,1
17450,22500,00,9
17451,1952,00,1
17452,5000,00,2
17453,2500,00,1
17454,6328,00,1
17455,2500,00,1
17456,10000,00,4
17457,2500,00,1
17458,7500,00,3
17459,1100,32,1
17460,98,00,3
17461,40,00,1
17462,10,00,1
17463,50,00,1
17464,20,00,2
17465,39,00,2
17466,13,00,1
17467,23,00,2
17468,20,00,1
17470,5850,00,1
17471,3918,38,1
17473,756,00,1
17474,17500,00,7
17475,1688,45,2
17476,13230,00,3
17477,5000,00,2
17479,2500,00,1
17480,2500,00,1
17481,3030,00,1
17482,6375,00,3
17483,4200,00,2
17484,20005,00,9
17485,1680,00,1
17487,1005,00,1
17488,2500,00,1
17489,7500,00,3
17490,33600,00,1
17491,2500,00,1
17492,238,00,1
17493,5000,00,2
17494,247,38,1
17495,2500,00,1
17496,2500,00,1
17497,1568,00,1
17498,56,00,1
17499,7340,00,3
17500,10000,00,4
17501,17500,00,9
17502,12500,00,5
17503,2500,00,1
17504,28,00,1
17505,2500,00,1
17507,7200,00,3
17508,2500,00,1
17509,15000,00,6
17510,2500,00,1
17511,10050,00,10
17512,2500,00,1
17513,5000,00,2
17514,2500,00,1
17515,15000,00,6
17516,629,41,1
17517,3240,00,9
17518,5000,00,2
17519,18,96,1
17520,212,73,1
17521,833,34,2
17523,300,00,1
17524,28,00,1
17525,286,52,1
17526,2500,00,1
17527,2500,00,1
17528,2500,00,1
17529,6080,00,5
17530,5000,00,2
17531,17500,00,7
17532,28,00,1
17533,9829,00,2
17534,2700,00,1
17535,5000,00,1
17536,4550,00,1
17537,27775,00,5
17538,3720,00,2
17539,5000,00,2
17540,1219,00,1
17541,23104,00,2
17542,3256,00,1
17543,444,00,1
17544,3111,61,2
17545,5000,00,2
17546,5355,00,1
17547,2500,00,1
17548,6960,00,3
17549,2500,00,1
17550,5000,00,2
17551,12500,00,5
17552,4165,60,1
17554,120,00,2
17555,7500,00,3
17556,22120,00,18
17557,4660,00,2
17558,108,00,1
17559,550,00,1
17560,2945,00,1
17561,172,30,1
17562,24000,00,8
17563,108,00,4
17564,3694,60,1
17565,2500,00,1
17566,10050,00,3
17567,196,00,1
17568,15450,00,6
17569,2730,00,1
17570,995,52,8
17571,1479,00,1
17572,8165,00,1
17573,600,00,1
17574,3520,00,2
17575,135,10,1
17576,225,00,1
17577,22500,00,9
17578,5000,00,2
17579,2500,00,1
17580,5651,36,2
17581,7500,00,3
17583,14544,00,5
17584,2121,00,1
17585,5000,00,2
17586,2500,00,1
17587,10080,00,5
17588,7500,00,3
17589,110,82,2
17590,2500,00,1
17591,5000,00,2
17592,12500,00,5
17593,5000,00,2
17595,4500,00,2
17596,1572,48,6
17597,2500,00,1
17598,2500,00,1
17599,63,00,1
17600,600,00,2
17601,800,00,1
17602,15000,00,6
17603,2500,00,1
17604,22500,00,9
17605,2500,00,1
17606,20000,00,8
17607,10000,00,4
17608,300,00,1
17609,21957,82,15
17610,283,04,1
17611,13660,00,6
17612,308,00,1
17613,7500,00,3
17614,15000,00,6
17615,28600,00,24
17616,2500,00,1
17617,7500,00,3
17618,25000,00,10
17619,15000,00,6
17620,11,85,1
17621,10000,00,4
17622,28,00,1
17623,24000,00,4
17624,7500,00,3
17625,1449,00,3
17626,12500,00,5
17627,2500,00,1
17628,4906,27,1
17629,2902,93,1
17630,4680,00,1
17631,2500,00,1
17633,1500,00,1
17634,12500,00,5
17635,2500,00,1
17636,8794,00,13
17637,7500,00,3
17638,500,00,1
17639,1000,00,2
17640,269,70,1
17641,3446,40,4
17642,1888,20,1
17645,149,80,1
17647,519,10,2
17648,319,80,1
17649,899,20,2
17650,449,50,5
17652,5358,30,5
17654,359,70,2
17655,5044,70,1
17657,1798,00,1
17660,928,80,5
17669,239,80,1
17670,8730,82,3
17674,889,20,1
17676,89,90,1
17677,179,70,3
17678,179,80,1
17679,1019,00,2
17680,2877,30,3
17681,7483,00,2
17688,2367,90,1
17689,239,80,1
17695,3876,00,3
17698,1572,45,1
17703,1080,00,3
17705,918,00,3
17708,1080,00,3
17709,1795,20,3
17712,294,00,1
17713,1080,00,3
17715,1795,20,3
17723,360,00,1
17726,720,00,2
17732,1080,00,3
17738,360,00,1
17742,1080,00,3
17746,2112,00,3
17748,360,00,1
17754,918,00,3
17759,1500,00,1
17761,306,00,1
17763,360,00,1
17765,918,00,3
17768,2348,19,1
17769,2112,00,3
17772,360,00,1
17773,306,00,1
17774,1500,00,3
17775,4500,00,3
17777,1080,00,3
17780,918,00,3
17781,918,00,3
17784,1408,00,2
17787,2480,00,2
17789,612,00,2
17791,1080,00,3
17792,1440,00,2
17798,2500,00,1
17799,4680,00,2
17801,1080,00,3
17814,720,00,2
17815,1080,00,3
17817,1080,00,3
17821,612,00,2
17822,918,00,3
17823,3000,00,2
17832,295,26,1
17833,720,00,2
17834,1005,00,1
17836,2120,00,1
17839,1080,00,3
17849,1080,00,3
17850,3920,00,2
17852,320,00,2
17853,1080,00,3
17855,9856,00,8
17859,612,00,2
17860,360,00,1
17863,306,00,1
17868,1080,00,3
17870,918,00,3
17871,1080,00,3
17873,360,00,1
17876,1080,00,3
17877,360,00,1
17878,612,00,2
17880,1080,00,3
17881,1080,00,3
17882,360,00,1
17883,1080,00,3
17886,704,00,1
17889,360,00,1
17890,1080,00,3
17894,1080,00,3
17895,1080,00,3
17896,918,00,3
17897,918,00,3
17898,360,00,1
17902,1080,00,3
17903,360,00,1
17904,1080,00,3
17906,720,00,2
17910,1080,00,3
17913,2562,75,3
17914,612,00,2
17915,306,00,1
17916,510,00,2
17918,720,00,2
17920,1080,00,3
17926,1795,20,3
17927,704,00,1
17929,1708,50,2
17930,720,00,2
17934,360,00,1
17935,918,00,3
17936,1080,00,3
17937,918,00,3
17938,1080,00,3
17941,306,00,1
17945,306,00,1
17946,1080,00,3
17951,1080,00,3
17954,612,00,2
17955,360,00,1
17957,360,00,1
17958,306,00,1
17961,1080,00,1
17964,360,00,1
17965,918,00,3
17968,1080,00,3
17969,360,00,1
17970,360,53,1
17974,1080,00,3
17975,1080,00,3
17979,2112,00,3
17983,720,00,2
17984,918,00,3
17988,360,00,1
18000,1080,00,3
18002,360,00,1
18003,360,00,1
18008,1080,00,3
18009,918,00,3
18010,2112,00,3
18011,1080,00,3
18014,306,00,1
18015,1795,20,3
18017,1080,00,3
18019,180,00,1
18022,3015,00,3
18031,918,00,3
18032,918,00,3
18035,2010,00,1
18037,1080,00,3
18043,1080,00,3
18045,540,00,1
18047,360,00,1
18048,720,00,2
18049,1080,00,3
18050,1080,00,3
18053,306,00,1
18054,1080,00,3
18062,721,06,2
18063,1080,00,3
18064,612,00,2
18068,918,00,3
18070,306,00,1
18076,1080,00,3
18078,1080,00,3
18083,918,00,3
18087,918,00,3
18093,360,00,1
18096,1080,00,3
18100,1080,00,3
18101,1080,00,3
18102,2112,00,3
18104,306,00,1
18105,360,00,1
18107,1080,00,3
18108,380,38,1
18110,1005,00,1
18112,1408,00,2
18113,11424,00,14
18116,540,00,3
18120,1080,00,3
18122,1408,00,2
18123,1080,00,3
18127,1500,00,1
18129,720,00,2
18131,11780,00,7
18137,306,00,1
18139,1408,00,2
18141,720,00,2
18143,1080,00,3
18145,360,00,1
18152,18,58,1
18155,360,00,1
18156,918,00,3
18157,918,00,3
18167,598,40,1
18170,612,00,2
18171,360,00,1
18172,918,00,3
18173,1080,00,2
18174,1080,00,3
18179,261,25,1
18180,612,00,2
18182,720,00,2
18184,1080,00,2
18187,1005,00,1
18191,1507,50,3
18194,1080,00,3
18198,3420,00,2
18202,360,00,1
18205,306,00,1
18206,1080,00,3
18223,3000,00,1
18226,360,00,1
18227,704,00,1
18230,360,00,1
18233,1080,00,3
18237,720,00,2
18238,500,00,1
18240,854,25,1
18241,720,00,2
18243,540,00,3
18247,3000,00,2
18248,502,50,1
18252,40,27,1
18253,1080,00,3
18255,306,00,1
18256,360,00,1
18263,1080,00,1
18264,360,00,1
18266,1408,00,2
18271,1080,00,2
18274,1080,00,3
18276,1080,00,3
18278,360,00,1
18281,1080,00,3
18285,918,00,3
18286,612,00,2
18289,360,00,1
18290,1354,40,1
18294,2010,00,2
18304,1530,00,4
18306,502,50,1
18307,1080,00,3
18311,1836,00,1
18316,720,00,2
18317,918,00,3
18318,1080,00,3
18320,1080,00,3
18322,1080,00,3
18323,342,00,1
18325,1080,00,3
18326,1080,00,3
18329,952,00,4
18331,612,00,2
18333,1005,00,1
18337,918,00,3
18338,306,00,1
18341,720,00,1
18344,612,00,2
18345,918,00,3
18348,612,00,2
18349,361,66,1
18350,540,00,3
18351,360,00,1
18356,306,00,1
18359,5100,00,3
18366,647,17,1
18369,612,00,2
18371,93,66,1
18374,800,00,1
18375,182,16,1
18376,2112,00,3
18378,360,00,1
18379,1464,89,1
18380,375,00,1
18382,1555,55,1
18384,770,00,2
18386,360,00,1
18388,30,00,1
18390,627,00,1
18392,405,00,1
18394,50,76,1
18395,6957,50,12
18396,2280,00,2
18399,48,88,1
18403,360,00,1
18404,50,00,1
18407,3015,00,3
18409,60,00,1
18412,1050,00,3
18413,720,00,2
18415,452,98,1
18733,360,00,1
18734,720,00,2
18735,283,04,1
18737,720,00,2
18738,1005,00,1
18739,360,00,1
18740,720,00,2
18741,170,00,1
18743,3210,00,2
18745,31,20,1
18746,1224,00,2
18747,5000,00,2
18750,918,00,3
18751,5000,00,2
18752,11995,00,11
18753,612,00,2
18754,720,00,2
18755,284,75,1
18756,2860,00,2
18757,720,00,2
18758,720,00,2
18759,306,00,1
18760,720,00,2
18762,650,88,1
18763,1608,00,2
18764,28,80,1
18765,360,00,1
18767,2245,00,1
18768,900,00,3
18769,820,00,2
18770,598,40,1
18771,1080,00,3
18772,612,00,2
18773,720,00,2
18774,24,00,1
18775,720,00,2
18776,633,60,1
18777,720,00,2
18778,720,00,2
18780,160,80,1
18782,5000,00,2
18784,360,00,1
18785,720,00,2
18787,156,00,1
18788,720,00,2
18789,24,00,1
18790,26,40,1
18792,720,00,2
18795,360,00,1
18798,1080,00,2
18800,1358,50,1
18802,306,00,1
18803,360,00,1
18804,38,40,1
18805,720,00,2
18806,360,00,1
18807,36,00,1
18808,300,00,1
18809,720,00,2
18810,360,00,1
18811,2550,00,2
18812,76,80,1
18813,74,40,1
18814,855,00,1
18815,33,60,1
18816,48,00,1
18817,4000,00,16
18818,4000,00,16
18819,4000,00,16
18820,4000,00,16
18821,720,00,2
18823,2480,00,2
18825,738,00,1
18826,2400,00,2
18828,720,00,2
18829,4000,00,16
18830,750,00,3
18831,168,00,1
18832,2500,00,1
18834,2108,00,2
18835,1408,00,2
18836,5000,00,2
18837,804,00,1
18838,720,00,2
18839,240,00,1
18841,720,00,2
18842,360,00,1
18843,360,00,1
18848,1080,00,3
18849,720,00,2
18850,24,00,1
18851,720,00,2
18852,1500,00,1
18854,4000,00,16
18855,31,20,1
18856,1080,00,2
18857,360,00,1
18858,720,00,2
18860,120,00,1
18861,3744,00,2
18862,720,00,2
18863,2500,00,1
18864,720,00,2
18866,720,00,2
18869,720,00,2
18870,720,00,2
18872,360,00,1
18873,720,00,2
18874,284,75,1
18876,43,20,1
18877,720,00,2
18881,704,00,1
18882,720,00,2
18883,360,00,1
18884,535,04,1
18885,5000,00,2
18886,360,00,1
18887,306,00,1
18889,720,00,2
18890,345,00,2
18896,10500,00,7
18897,57,60,1
18898,24,00,1
18899,350,00,1
18900,720,00,2
18902,4620,00,14
18904,5000,00,2
18908,24,00,1
18909,45,60,1
18910,720,00,2
18912,360,00,1
18913,720,00,2
18915,721,06,1
18917,306,00,1
18918,306,00,1
18920,720,00,2
18921,804,00,1
18922,5000,00,2
18923,26,40,1
18924,262,08,1
18926,73,50,1
18927,612,00,2
18928,720,00,2
18929,360,00,1
18930,1354,40,1
18932,1440,00,2
18933,612,00,2
18934,5000,00,2
18935,225,00,1
18936,360,00,1
18937,612,00,2
18939,38,40,1
18940,26,40,1
18941,720,00,2
18942,360,00,1
18943,612,00,2
18944,612,00,2
18945,84,00,1
18946,720,00,2
18948,120,00,1
18949,273,69,1
18950,1126,40,2
18951,612,00,1
18952,720,00,2
18953,1275,00,1
18955,306,00,1
18956,580,00,1
18958,720,00,2
18959,52,80,1
18960,2480,00,2
18961,1872,00,1
18963,720,00,2
18964,360,00,1
18965,2816,00,2
18966,5000,00,2
18967,720,00,2
18969,1080,00,3
18970,720,00,2
18971,2880,00,8
18972,74,40,1
18973,11400,00,5
18974,720,00,2
18976,720,00,2
18977,720,00,2
18978,36,00,1
18979,5000,00,2
18981,5000,00,2
18982,5000,00,2
18983,180,00,1
18984,314,49,1
18985,360,00,1
18986,360,00,1
18987,360,00,1
18988,720,00,2
18989,360,00,1
18990,720,00,2
18991,720,00,2
18992,2853,00,2
18993,360,00,1
18994,612,00,2
18995,24,00,1
18997,720,00,2
18998,720,00,2
18999,1005,00,1
19000,612,00,2
19002,720,00,2
19003,4000,00,2
19004,306,00,1
19006,612,00,2
19007,720,00,2
19008,720,00,2
19009,31,20,1
19010,720,00,2
19011,720,00,2
19012,360,00,1
19014,2500,00,1
19015,5000,00,2
19016,31,20,1
19017,612,00,2
19018,5000,00,2
19020,720,00,2
19022,720,00,2
19023,612,00,2
19024,612,00,2
19025,720,00,2
19027,704,00,1
19028,306,00,1
19029,2800,00,8
19030,50,40,1
19031,720,00,2
19033,1049,00,1
19034,306,00,1
19035,1240,00,1
19037,1005,00,1
19038,24,00,1
19039,612,00,1
19040,60,00,1
19042,306,00,1
19043,2500,00,1
19044,36,00,1
19045,24,00,1
19046,360,00,1
19047,306,00,1
19050,2752,80,4
19052,360,00,1
19053,148,80,1
19054,28,80,1
19055,26,40,1
19057,720,00,2
19059,612,00,2
19060,768,00,2
19061,5000,00,2
19063,720,00,2
19064,5000,00,2
19066,1005,00,1
19067,24,00,1
19068,720,00,2
19069,43,20,1
19070,704,00,1
19071,360,00,1
19072,1200,12,2
19073,5000,00,2
19074,361,66,1
19075,306,00,1
19076,720,00,2
19077,2160,00,3
19078,1380,00,1
19079,612,00,2
19082,360,00,1
19083,9600,00,10
19086,1710,00,1
19089,360,00,1
19091,306,00,1
19094,524,16,2
19095,720,00,2
19096,1408,00,2
19097,360,00,1
19098,72,00,1
19099,704,00,1
19100,720,00,2
19101,28,80,1
19103,2550,00,2
19106,720,00,2
19107,1408,00,2
19108,5000,00,2
19109,720,00,2
19111,720,00,2
19112,1528,00,1
19113,52,80,1
19114,720,00,2
19115,36,00,1
19116,360,00,1
19117,720,00,2
19119,4020,00,4
19120,360,00,1
19121,720,00,2
19122,33,60,1
19126,612,00,2
19127,720,00,2
19128,313,50,1
19129,612,00,2
19130,3072,30,3
19131,1408,00,2
19132,1196,80,2
19133,720,00,2
19136,1005,00,1
19137,720,00,2
19138,612,00,2
19139,360,00,1
19140,720,00,2
19141,2010,00,2
19143,1080,00,3
19144,720,00,2
19146,360,00,1
19147,360,00,1
19149,2,28,1
19152,4824,00,4
19156,84,00,1
19158,612,00,2
19159,5000,00,2
19160,932,00,3
19162,74,40,1
19164,720,00,2
19165,612,00,2
19167,720,00,2
19168,720,00,2
19169,720,00,2
19170,720,00,2
19171,704,00,1
19172,720,00,2
19174,720,00,2
19177,720,00,2
19178,1005,00,1
19179,24,00,1
19180,720,00,2
19181,720,00,2
19182,720,00,2
19183,299,00,1
19189,720,00,2
19191,720,00,1
19192,720,00,2
19193,306,00,1
19194,360,00,1
19195,1240,00,1
19196,2550,00,2
19197,612,00,2
19199,854,25,1
19200,720,00,2
19202,1402,20,1
19203,60,00,1
19205,612,00,2
19206,360,00,1
19207,720,00,2
19208,3600,00,12
19209,360,00,1
19210,48,00,1
19211,360,00,1
19212,720,00,2
19214,84,00,1
19215,612,00,2
19216,360,00,1
19217,4680,00,2
19218,704,00,1
19222,854,25,1
19223,5000,00,2
19224,5000,00,2
19225,2715,00,2
19226,918,00,2
19227,720,00,2
19229,2830,00,1
19231,36,00,1
19232,598,40,1
19233,14784,50,6
19234,4695,20,2
19235,320,00,1
19236,2097,80,1
19237,499,40,1
19238,479,20,1
19239,1438,13,2
19240,299,70,1
19241,89,90,1
19243,359,70,3
19244,179,80,1
19245,179,80,1
19246,1108,70,6
19248,299,90,1
19249,1348,30,7
19250,859,30,1
19251,6512,20,20
19253,928,60,3
19254,599,40,1
19255,179,80,1
19256,679,40,1
19257,4637,70,5
19258,119,80,2
19259,239,80,1
19260,4075,50,4
19261,599,70,3
19262,1288,80,10
19263,7843,70,14
19264,909,30,1
19265,419,30,2
19268,2578,60,1
19269,2057,80,1
19270,239,80,2
19272,799,60,4
19273,3266,60,3
19274,569,40,1
19276,89,90,1
19277,2787,30,3
19278,159,70,1
19279,21627,70,11
19280,299,70,3
19281,119,90,1
19282,59,90,1
19283,1199,00,2
19285,89,90,1
19286,1918,90,2
19287,2097,70,4
19288,4156,80,7
19289,179,80,1
19290,2178,00,1
19425,3206,70,8
19427,479,60,2
19429,289,80,1
19431,1139,40,1
19432,3656,10,1
19434,6057,96,4
19437,1043,33,1
19439,306,00,1
19442,360,00,1
19444,1005,00,1
19447,360,00,1
19449,1005,00,1
19451,1500,00,1
19453,360,00,1
19459,1609,30,1
19460,306,00,1
19461,360,00,1
19463,360,00,1
19464,2000,00,1
19465,306,00,1
19466,2500,00,1
19467,360,00,1
19469,306,00,1
19471,1737,78,1
19472,360,00,1
19473,598,40,1
19479,1500,00,1
19480,306,00,1
19481,360,00,1
19482,360,00,1
19483,180,00,1
19485,360,00,1
19486,360,00,1
19489,306,00,1
19491,306,00,1
19498,500,00,1
19499,360,00,1
19500,360,00,1
19501,525,00,1
19504,306,00,1
19505,360,00,1
19508,306,00,1
19509,360,00,1
19510,1054,00,1
19512,262,08,1
19514,360,00,1
19515,360,00,1
19516,360,00,1
19517,360,00,1
19519,306,00,1
19520,90,00,1
19523,1708,50,2
19528,360,00,1
19531,720,00,1
19533,598,40,1
19534,395,32,1
19538,360,00,1
19539,306,00,1
19541,360,00,1
19542,854,25,1
19543,360,00,1
19544,345,94,1
19547,1200,00,1
19548,524,25,1
19549,360,00,1
19550,1081,59,3
19553,598,40,1
19554,360,00,1
19556,2100,00,1
19560,2500,00,1
19561,360,00,1
19562,360,00,1
19564,360,00,1
19565,306,00,1
19569,1037,82,1
19571,704,00,1
19572,360,00,1
19573,360,00,1
19574,306,00,1
19575,180,00,1
19576,1710,00,1
19578,360,00,1
19580,360,00,1
19581,360,00,1
19583,2646,00,1
19584,360,00,1
19586,360,00,1
19589,306,00,1
19591,360,00,1
19592,360,00,1
19593,1005,00,1
19594,306,00,1
19596,360,00,1
19599,990,00,1
19600,261,25,1
19603,360,00,1
19604,720,00,2
19605,360,00,1
19607,306,00,1
19608,1034,55,1
19610,360,00,1
19612,192,00,1
19615,306,00,1
19617,360,00,1
19619,360,00,1
19620,360,00,1
19623,360,00,1
19626,180,00,1
19627,180,00,1
19628,360,00,1
19629,2500,00,1
19630,239,35,1
19632,360,00,1
19633,360,00,1
19635,1500,00,1
19637,720,00,2
19638,360,00,1
19640,360,00,1
19641,360,00,1
19643,361,66,1
19644,306,00,1
19645,704,00,1
19646,252,00,1
19648,170,00,1
19649,283,04,1
19650,306,00,1
19655,360,00,1
19658,306,00,1
19661,326,04,1
19662,306,00,1
19664,306,00,1
19665,360,00,1
19666,313,50,1
19667,360,00,1
19668,1037,92,1
19670,576,55,1
19671,360,00,1
19672,360,00,1
19673,900,00,1
19674,360,00,1
19675,360,00,1
19677,360,00,1
19680,1005,00,1
19682,704,00,1
19683,360,00,1
19684,360,00,1
19685,2500,00,1
19686,1240,00,1
19687,361,66,1
19694,252,00,1
19696,360,00,1
19697,360,00,1
19698,1453,50,1
19699,704,00,1
19701,360,00,1
19703,360,00,1
19704,1240,00,1
19705,360,00,1
19708,240,00,1
19709,360,00,1
19713,1240,00,1
19714,360,00,1
19715,1989,00,2
19716,360,00,1
19717,360,00,1
19721,306,00,1
19722,360,00,1
19723,360,00,1
19724,360,00,1
19725,360,00,1
19727,360,00,1
19729,360,00,1
19732,2500,00,1
19734,360,00,1
19736,360,00,1
19739,360,00,1
19742,5000,00,2
19745,360,00,1
19746,360,00,1
19792,17881,20,2
